9.32785809489389 9.32785809489389 9.32785809489389 9.32785809489389
9.10187204718413 9.10187204718413 9.10187204718413 9.10187204718413
8.81142676493229 8.81142676493229 8.81142676493229 8.81142676493229
8.37400031957225 8.37400031957225 8.37400031957225 8.37400031957225
8.18738055579247 8.18738055579247 8.18738055579247 8.18738055579247
7.86982828061777 7.86982828061777 7.86982828061777 7.86982828061777
7.61545336301445 7.61545336301445 7.61545336301445 7.61545336301445
6.74808604409801 6.74808604409801 6.74808604409801 6.74808604409801
6.27150983273104 6.27150983273104 6.27150983273104 6.27150983273104
5.74049622186596 5.74049622186596 5.74049622186596 5.74049622186596
5.42489903006961 5.42489903006961 5.42489903006961 5.42489903006961
5.14347272367815 5.14347272367815 5.14347272367815 5.14347272367815
4.87451882896233 4.87451882896233 4.87451882896233 4.87451882896233
4.49529765503783 4.49529765503783 4.49529765503783 4.49529765503783
4.07018961158236 4.07018961158236 4.07018961158236 4.07018961158236
3.87273726222161 3.87273726222161 3.87273726222161 3.87273726222161
3.59845097395917 3.59845097395917 3.59845097395917 3.59845097395917
3.12354276874487 3.12354276874487 3.12354276874487 3.12354276874487
2.62279456151002 2.62279456151002 2.62279456151002 2.62279456151002
2.48844904486803 2.48844904486803 2.48844904486803 2.48844904486803
1.93814605782359 1.93814605782359 1.93814605782359 1.93814605782359
1.63369955005245 1.63369955005245 1.63369955005245 1.63369955005245
1.25563947677269 1.25563947677269 1.25563947677269 1.25563947677269
1.10354589038661 1.10354589038661 1.10354589038661 1.10354589038661
1.00537294327299 1.00537294327299 1.00537294327299 1.00537294327299
0.82123646481921 0.82123646481921 0.82123646481921 0.82123646481921
0.64426041834107 0.64426041834107 0.64426041834107 0.64426041834107
0.568242875005955 0.568242875005955 0.568242875005955 0.568242875005955
0.585884206353349 0.585884206353349 0.585884206353349 0.585884206353349
0.545773765346844 0.545773765346844 0.545773765346844 0.545773765346844
0.537867056671857 0.537867056671857 0.537867056671857 0.537867056671857
0.515345663505443 0.515345663505443 0.515345663505443 0.515345663505443
0.530889843785207 0.530889843785207 0.530889843785207 0.530889843785207
0.512296381351573 0.512296381351573 0.512296381351573 0.512296381351573
0.500703143634779 0.500703143634779 0.500703143634779 0.500703143634779
0.472844660502821 0.472844660502821 0.472844660502821 0.472844660502821
0.437950337318127 0.437950337318127 0.437950337318127 0.437950337318127
0.451611359374115 0.451611359374115 0.451611359374115 0.451611359374115
0.38847325235293 0.38847325235293 0.38847325235293 0.38847325235293
0.415788057447754 0.415788057447754 0.415788057447754 0.415788057447754
0.42443776170798 0.42443776170798 0.42443776170798 0.42443776170798
0.458198931250924 0.458198931250924 0.458198931250924 0.458198931250924
0.479761549309154 0.479761549309154 0.479761549309154 0.479761549309154
0.470177166680531 0.470177166680531 0.470177166680531 0.470177166680531
0.479497321567642 0.479497321567642 0.479497321567642 0.479497321567642
0.464748806921566 0.464748806921566 0.464748806921566 0.464748806921566
0.459337860215317 0.459337860215317 0.459337860215317 0.459337860215317
0.44915328161729 0.44915328161729 0.44915328161729 0.44915328161729
0.41861148732508 0.41861148732508 0.41861148732508 0.41861148732508
0.462369862318105 0.462369862318105 0.462369862318105 0.462369862318105
0.459757281634836 0.459757281634836 0.459757281634836 0.459757281634836
0.408632195374133 0.408632195374133 0.408632195374133 0.408632195374133
0.379164027057711 0.379164027057711 0.379164027057711 0.379164027057711
0.39382940470839 0.39382940470839 0.39382940470839 0.39382940470839
0.417199976302606 0.417199976302606 0.417199976302606 0.417199976302606
0.41153373802039 0.41153373802039 0.41153373802039 0.41153373802039
0.415905028762511 0.415905028762511 0.415905028762511 0.415905028762511
0.408939770356898 0.408939770356898 0.408939770356898 0.408939770356898
0.408939770356898 0.408939770356898 0.408939770356898 0.408939770356898
0.373463766535232 0.373463766535232 0.373463766535232 0.373463766535232
0.401907826362284 0.401907826362284 0.401907826362284 0.401907826362284
0.430639391067407 0.430639391067407 0.430639391067407 0.430639391067407
0.389194127421094 0.389194127421094 0.389194127421094 0.389194127421094
0.422731503860016 0.422731503860016 0.422731503860016 0.422731503860016
0.425895081114502 0.425895081114502 0.425895081114502 0.425895081114502
0.379172241766557 0.379172241766557 0.379172241766557 0.379172241766557
0.436159847451717 0.436159847451717 0.436159847451717 0.436159847451717
0.441560272016704 0.441560272016704 0.441560272016704 0.441560272016704
0.45375653408434 0.45375653408434 0.45375653408434 0.45375653408434
0.382099690299167 0.382099690299167 0.382099690299167 0.382099690299167
0.411420864118884 0.411420864118884 0.411420864118884 0.411420864118884
0.367571603433093 0.367571603433093 0.367571603433093 0.367571603433093
0.365569688140618 0.365569688140618 0.365569688140618 0.365569688140618
0.365569688140618 0.365569688140618 0.365569688140618 0.365569688140618
0.394640212938387 0.394640212938387 0.394640212938387 0.394640212938387
0.373656409881619 0.373656409881619 0.373656409881619 0.373656409881619
0.359194739380868 0.359194739380868 0.359194739380868 0.359194739380868
0.401257111862847 0.401257111862847 0.401257111862847 0.401257111862847
0.360799293126731 0.360799293126731 0.360799293126731 0.360799293126731
0.384496715004272 0.384496715004272 0.384496715004272 0.384496715004272
0.382598357729005 0.382598357729005 0.382598357729005 0.382598357729005
0.400551007160828 0.400551007160828 0.400551007160828 0.400551007160828
0.367953892299511 0.367953892299511 0.367953892299511 0.367953892299511
0.365379362851642 0.365379362851642 0.365379362851642 0.365379362851642
0.380031675255326 0.380031675255326 0.380031675255326 0.380031675255326
0.386144654072529 0.386144654072529 0.386144654072529 0.386144654072529
0.380223965101427 0.380223965101427 0.380223965101427 0.380223965101427
0.394873879980031 0.394873879980031 0.394873879980031 0.394873879980031
0.347554308752941 0.347554308752941 0.347554308752941 0.347554308752941
0.347554308752941 0.347554308752941 0.347554308752941 0.347554308752941
0.311439953680603 0.311439953680603 0.311439953680603 0.311439953680603
0.367556389351355 0.367556389351355 0.367556389351355 0.367556389351355
0.388149265908623 0.388149265908623 0.388149265908623 0.388149265908623
0.400190373462268 0.400190373462268 0.400190373462268 0.400190373462268
0.367485833759757 0.367485833759757 0.367485833759757 0.367485833759757
0.34248651304957 0.34248651304957 0.34248651304957 0.34248651304957
0.319423814627267 0.319423814627267 0.319423814627267 0.319423814627267
0.335672317592667 0.335672317592667 0.335672317592667 0.335672317592667
0.306133876169922 0.306133876169922 0.306133876169922 0.306133876169922
0.359146147496454 0.359146147496454 0.359146147496454 0.359146147496454
0.372656990307029 0.372656990307029 0.372656990307029 0.372656990307029
0.34207191914768 0.34207191914768 0.34207191914768 0.34207191914768
0.324465787718952 0.324465787718952 0.324465787718952 0.324465787718952
0.33603542886351 0.33603542886351 0.33603542886351 0.33603542886351
0.312487116409361 0.312487116409361 0.312487116409361 0.312487116409361
0.326517182366419 0.326517182366419 0.326517182366419 0.326517182366419
0.345378133142839 0.345378133142839 0.345378133142839 0.345378133142839
0.313447992939392 0.313447992939392 0.313447992939392 0.313447992939392
0.370024432286316 0.370024432286316 0.370024432286316 0.370024432286316
0.329142063963499 0.329142063963499 0.329142063963499 0.329142063963499
0.329142063963499 0.329142063963499 0.329142063963499 0.329142063963499
0.387502736097428 0.387502736097428 0.387502736097428 0.387502736097428
0.327878876174576 0.327878876174576 0.327878876174576 0.327878876174576
0.296611488376695 0.296611488376695 0.296611488376695 0.296611488376695
0.318149865316007 0.318149865316007 0.318149865316007 0.318149865316007
0.334278044637843 0.334278044637843 0.334278044637843 0.334278044637843
0.315362538771419 0.315362538771419 0.315362538771419 0.315362538771419
0.294757503736926 0.294757503736926 0.294757503736926 0.294757503736926
0.329106068026566 0.329106068026566 0.329106068026566 0.329106068026566
0.318121137017235 0.318121137017235 0.318121137017235 0.318121137017235
0.296698274894146 0.296698274894146 0.296698274894146 0.296698274894146
0.348817776603378 0.348817776603378 0.348817776603378 0.348817776603378
0.333289620455973 0.333289620455973 0.333289620455973 0.333289620455973
0.333289620455973 0.333289620455973 0.333289620455973 0.333289620455973
0.2874527222183 0.2874527222183 0.2874527222183 0.2874527222183
0.319153124396098 0.319153124396098 0.319153124396098 0.319153124396098
0.319153124396098 0.319153124396098 0.319153124396098 0.319153124396098
0.297268976823605 0.297268976823605 0.297268976823605 0.297268976823605
0.277752019953737 0.277752019953737 0.277752019953737 0.277752019953737
0.349361963340342 0.349361963340342 0.349361963340342 0.349361963340342
0.302532453176067 0.302532453176067 0.302532453176067 0.302532453176067
0.302532453176067 0.302532453176067 0.302532453176067 0.302532453176067
0.306394447375928 0.306394447375928 0.306394447375928 0.306394447375928
0.336639668376727 0.336639668376727 0.336639668376727 0.336639668376727
0.320756663324303 0.320756663324303 0.320756663324303 0.320756663324303
0.307225869326225 0.307225869326225 0.307225869326225 0.307225869326225
0.286617351071525 0.286617351071525 0.286617351071525 0.286617351071525
0.302205371869522 0.302205371869522 0.302205371869522 0.302205371869522
0.321764039474302 0.321764039474302 0.321764039474302 0.321764039474302
0.346061467850851 0.346061467850851 0.346061467850851 0.346061467850851
0.315605844251684 0.315605844251684 0.315605844251684 0.315605844251684
0.301321369715524 0.301321369715524 0.301321369715524 0.301321369715524
0.369583901095834 0.369583901095834 0.369583901095834 0.369583901095834
0.316633248829243 0.316633248829243 0.316633248829243 0.316633248829243
0.313060799754384 0.313060799754384 0.313060799754384 0.313060799754384
0.37429760319557 0.37429760319557 0.37429760319557 0.37429760319557
0.341928948154039 0.341928948154039 0.341928948154039 0.341928948154039
0.322750047769072 0.322750047769072 0.322750047769072 0.322750047769072
0.292701635511144 0.292701635511144 0.292701635511144 0.292701635511144
0.297360698528497 0.297360698528497 0.297360698528497 0.297360698528497
0.281724565393092 0.281724565393092 0.281724565393092 0.281724565393092
0.335757130763282 0.335757130763282 0.335757130763282 0.335757130763282
0.314328173133384 0.314328173133384 0.314328173133384 0.314328173133384
0.291407810618845 0.291407810618845 0.291407810618845 0.291407810618845
0.277022225941568 0.277022225941568 0.277022225941568 0.277022225941568
0.319825438179103 0.319825438179103 0.319825438179103 0.319825438179103
0.291661226859192 0.291661226859192 0.291661226859192 0.291661226859192
0.332992878054517 0.332992878054517 0.332992878054517 0.332992878054517
0.304204502093212 0.304204502093212 0.304204502093212 0.304204502093212
0.283853172995772 0.283853172995772 0.283853172995772 0.283853172995772
0.303175825919245 0.303175825919245 0.303175825919245 0.303175825919245
0.312009099014237 0.312009099014237 0.312009099014237 0.312009099014237
0.302091323179371 0.302091323179371 0.302091323179371 0.302091323179371
0.338588994635338 0.338588994635338 0.338588994635338 0.338588994635338
0.259163881142567 0.259163881142567 0.259163881142567 0.259163881142567
0.262538007540858 0.262538007540858 0.262538007540858 0.262538007540858
0.300750167750858 0.300750167750858 0.300750167750858 0.300750167750858
0.300750167750858 0.300750167750858 0.300750167750858 0.300750167750858
0.304387100403376 0.304387100403376 0.304387100403376 0.304387100403376
0.304387100403376 0.304387100403376 0.304387100403376 0.304387100403376
0.333750803181268 0.333750803181268 0.333750803181268 0.333750803181268
0.297685954117931 0.297685954117931 0.297685954117931 0.297685954117931
0.29226961077728 0.29226961077728 0.29226961077728 0.29226961077728
0.303020694311122 0.303020694311122 0.303020694311122 0.303020694311122
0.299091396615843 0.299091396615843 0.299091396615843 0.299091396615843
0.280808515323123 0.280808515323123 0.280808515323123 0.280808515323123
0.302742699972447 0.302742699972447 0.302742699972447 0.302742699972447
0.309519402938177 0.309519402938177 0.309519402938177 0.309519402938177
0.260626807500439 0.260626807500439 0.260626807500439 0.260626807500439
0.296338957767658 0.296338957767658 0.296338957767658 0.296338957767658
0.277349214931808 0.277349214931808 0.277349214931808 0.277349214931808
0.312971243168962 0.312971243168962 0.312971243168962 0.312971243168962
0.315515365492957 0.315515365492957 0.315515365492957 0.315515365492957
0.333494591069316 0.333494591069316 0.333494591069316 0.333494591069316
0.314804958024026 0.314804958024026 0.314804958024026 0.314804958024026
0.341870638697924 0.341870638697924 0.341870638697924 0.341870638697924
0.25308288600855 0.25308288600855 0.25308288600855 0.25308288600855
0.325130188722401 0.325130188722401 0.325130188722401 0.325130188722401
0.299026390267678 0.299026390267678 0.299026390267678 0.299026390267678
0.305736407546886 0.305736407546886 0.305736407546886 0.305736407546886
0.289565589093905 0.289565589093905 0.289565589093905 0.289565589093905
0.300205848975246 0.300205848975246 0.300205848975246 0.300205848975246
0.298142702333401 0.298142702333401 0.298142702333401 0.298142702333401
0.307984643354946 0.307984643354946 0.307984643354946 0.307984643354946
0.308177788961167 0.308177788961167 0.308177788961167 0.308177788961167
0.298408523366231 0.298408523366231 0.298408523366231 0.298408523366231
0.282965537136954 0.282965537136954 0.282965537136954 0.282965537136954
0.316594564365708 0.316594564365708 0.316594564365708 0.316594564365708
0.289980846037226 0.289980846037226 0.289980846037226 0.289980846037226
0.274528093169585 0.274528093169585 0.274528093169585 0.274528093169585
0.285596169246302 0.285596169246302 0.285596169246302 0.285596169246302
0.302761843265674 0.302761843265674 0.302761843265674 0.302761843265674
0.283291132466323 0.283291132466323 0.283291132466323 0.283291132466323
0.300141208448746 0.300141208448746 0.300141208448746 0.300141208448746
0.312391915785055 0.312391915785055 0.312391915785055 0.312391915785055
0.292281708758683 0.292281708758683 0.292281708758683 0.292281708758683
0.312566900819113 0.312566900819113 0.312566900819113 0.312566900819113
0.334365532097614 0.334365532097614 0.334365532097614 0.334365532097614
0.309683312872793 0.309683312872793 0.309683312872793 0.309683312872793
0.302748982633319 0.302748982633319 0.302748982633319 0.302748982633319
0.326580093677069 0.326580093677069 0.326580093677069 0.326580093677069
0.320724895110602 0.320724895110602 0.320724895110602 0.320724895110602
0.306492742910862 0.306492742910862 0.306492742910862 0.306492742910862
0.298424176299503 0.298424176299503 0.298424176299503 0.298424176299503
0.318386934786046 0.318386934786046 0.318386934786046 0.318386934786046
0.318386934786046 0.318386934786046 0.318386934786046 0.318386934786046
0.281716942659865 0.281716942659865 0.281716942659865 0.281716942659865
0.330712847924919 0.330712847924919 0.330712847924919 0.330712847924919
0.311784826899244 0.311784826899244 0.311784826899244 0.311784826899244
0.305829155824006 0.305829155824006 0.305829155824006 0.305829155824006
0.305658422638179 0.305658422638179 0.305658422638179 0.305658422638179
0.346323988374979 0.346323988374979 0.346323988374979 0.346323988374979
0.295364412747035 0.295364412747035 0.295364412747035 0.295364412747035
0.284237884973955 0.284237884973955 0.284237884973955 0.284237884973955
0.304421983247904 0.304421983247904 0.304421983247904 0.304421983247904
0.318624932923165 0.318624932923165 0.318624932923165 0.318624932923165
0.318624932923165 0.318624932923165 0.318624932923165 0.318624932923165
0.33067870977914 0.33067870977914 0.33067870977914 0.33067870977914
0.301812627094601 0.301812627094601 0.301812627094601 0.301812627094601
0.301812627094601 0.301812627094601 0.301812627094601 0.301812627094601
0.335109249779098 0.335109249779098 0.335109249779098 0.335109249779098
0.270687095166822 0.270687095166822 0.270687095166822 0.270687095166822
0.310814453770481 0.310814453770481 0.310814453770481 0.310814453770481
0.267587482086184 0.267587482086184 0.267587482086184 0.267587482086184
0.296408042142142 0.296408042142142 0.296408042142142 0.296408042142142
0.301686120212103 0.301686120212103 0.301686120212103 0.301686120212103
0.296588869287429 0.296588869287429 0.296588869287429 0.296588869287429
0.275865276815621 0.275865276815621 0.275865276815621 0.275865276815621
0.310664604492998 0.310664604492998 0.310664604492998 0.310664604492998
0.314233104245103 0.314233104245103 0.314233104245103 0.314233104245103
0.302465747927354 0.302465747927354 0.302465747927354 0.302465747927354
0.29616417040274 0.29616417040274 0.29616417040274 0.29616417040274
0.323520560756991 0.323520560756991 0.323520560756991 0.323520560756991
0.26682079608326 0.26682079608326 0.26682079608326 0.26682079608326
0.280025851131724 0.280025851131724 0.280025851131724 0.280025851131724
0.255873942978103 0.255873942978103 0.255873942978103 0.255873942978103
0.299773600830999 0.299773600830999 0.299773600830999 0.299773600830999
0.261881374902362 0.261881374902362 0.261881374902362 0.261881374902362
0.288541469267477 0.288541469267477 0.288541469267477 0.288541469267477
0.255857346987875 0.255857346987875 0.255857346987875 0.255857346987875
0.315636344026783 0.315636344026783 0.315636344026783 0.315636344026783
0.30122354916697 0.30122354916697 0.30122354916697 0.30122354916697
0.314977420261623 0.314977420261623 0.314977420261623 0.314977420261623
0.336313054345003 0.336313054345003 0.336313054345003 0.336313054345003
0.282865074348208 0.282865074348208 0.282865074348208 0.282865074348208
0.278129924860856 0.278129924860856 0.278129924860856 0.278129924860856
0.25310073188165 0.25310073188165 0.25310073188165 0.25310073188165
0.309586212978625 0.309586212978625 0.309586212978625 0.309586212978625
0.309586212978625 0.309586212978625 0.309586212978625 0.309586212978625
0.260127151671056 0.260127151671056 0.260127151671056 0.260127151671056
0.261846709285678 0.261846709285678 0.261846709285678 0.261846709285678
0.27669681737878 0.27669681737878 0.27669681737878 0.27669681737878
0.315425968151954 0.315425968151954 0.315425968151954 0.315425968151954
0.297799452343279 0.297799452343279 0.297799452343279 0.297799452343279
0.314652574785981 0.314652574785981 0.314652574785981 0.314652574785981
0.312320126775289 0.312320126775289 0.312320126775289 0.312320126775289
0.319763567231464 0.319763567231464 0.319763567231464 0.319763567231464
0.299273584539733 0.299273584539733 0.299273584539733 0.299273584539733
0.296993838781635 0.296993838781635 0.296993838781635 0.296993838781635
0.296993838781635 0.296993838781635 0.296993838781635 0.296993838781635
0.256507017480682 0.256507017480682 0.256507017480682 0.256507017480682
0.274360997701484 0.274360997701484 0.274360997701484 0.274360997701484
0.316050561515351 0.316050561515351 0.316050561515351 0.316050561515351
0.257757561377349 0.257757561377349 0.257757561377349 0.257757561377349
0.257757561377349 0.257757561377349 0.257757561377349 0.257757561377349
0.301462463455865 0.301462463455865 0.301462463455865 0.301462463455865
0.261589023005082 0.261589023005082 0.261589023005082 0.261589023005082
0.314811438899573 0.314811438899573 0.314811438899573 0.314811438899573
0.306341333811338 0.306341333811338 0.306341333811338 0.306341333811338
0.316794182213265 0.316794182213265 0.316794182213265 0.316794182213265
0.283798093646576 0.283798093646576 0.283798093646576 0.283798093646576
0.295058594244729 0.295058594244729 0.295058594244729 0.295058594244729
0.266020357248317 0.266020357248317 0.266020357248317 0.266020357248317
0.267891445233224 0.267891445233224 0.267891445233224 0.267891445233224
0.277515309633257 0.277515309633257 0.277515309633257 0.277515309633257
0.257521712525623 0.257521712525623 0.257521712525623 0.257521712525623
0.303354230599617 0.303354230599617 0.303354230599617 0.303354230599617
0.266331541020584 0.266331541020584 0.266331541020584 0.266331541020584
0.282374778053599 0.282374778053599 0.282374778053599 0.282374778053599
0.27540216959168 0.27540216959168 0.27540216959168 0.27540216959168
0.307404112708677 0.307404112708677 0.307404112708677 0.307404112708677
0.282955154957814 0.282955154957814 0.282955154957814 0.282955154957814
0.320211851592924 0.320211851592924 0.320211851592924 0.320211851592924
0.252893226202509 0.252893226202509 0.252893226202509 0.252893226202509
0.275194239189602 0.275194239189602 0.275194239189602 0.275194239189602
0.306976195826007 0.306976195826007 0.306976195826007 0.306976195826007
0.286472233440957 0.286472233440957 0.286472233440957 0.286472233440957
0.29362394018786 0.29362394018786 0.29362394018786 0.29362394018786
0.292159870180697 0.292159870180697 0.292159870180697 0.292159870180697
0.284543269343559 0.284543269343559 0.284543269343559 0.284543269343559
0.29522916698199 0.29522916698199 0.29522916698199 0.29522916698199
0.304790799105162 0.304790799105162 0.304790799105162 0.304790799105162
0.261920990102565 0.261920990102565 0.261920990102565 0.261920990102565
0.218394467189812 0.218394467189812 0.218394467189812 0.218394467189812
0.238836528815305 0.238836528815305 0.238836528815305 0.238836528815305
0.253532933416369 0.253532933416369 0.253532933416369 0.253532933416369
0.274773719103425 0.274773719103425 0.274773719103425 0.274773719103425
0.288226583169997 0.288226583169997 0.288226583169997 0.288226583169997
0.268582345780803 0.268582345780803 0.268582345780803 0.268582345780803
0.275171172112854 0.275171172112854 0.275171172112854 0.275171172112854
0.281937164945264 0.281937164945264 0.281937164945264 0.281937164945264
0.240207612405095 0.240207612405095 0.240207612405095 0.240207612405095
0.254984221518235 0.254984221518235 0.254984221518235 0.254984221518235
0.285213739114575 0.285213739114575 0.285213739114575 0.285213739114575
0.258420613377137 0.258420613377137 0.258420613377137 0.258420613377137
0.247841428363707 0.247841428363707 0.247841428363707 0.247841428363707
0.250926522645879 0.250926522645879 0.250926522645879 0.250926522645879
0.247051408008892 0.247051408008892 0.247051408008892 0.247051408008892
0.268103366856436 0.268103366856436 0.268103366856436 0.268103366856436
0.246193621506209 0.246193621506209 0.246193621506209 0.246193621506209
0.246405663461214 0.246405663461214 0.246405663461214 0.246405663461214
0.258676466309794 0.258676466309794 0.258676466309794 0.258676466309794
0.240792086725859 0.240792086725859 0.240792086725859 0.240792086725859
0.255569044748553 0.255569044748553 0.255569044748553 0.255569044748553
0.275835263025374 0.275835263025374 0.275835263025374 0.275835263025374
0.234468604959683 0.234468604959683 0.234468604959683 0.234468604959683
0.248787704634803 0.248787704634803 0.248787704634803 0.248787704634803
0.275074473356741 0.275074473356741 0.275074473356741 0.275074473356741
0.259884971191164 0.259884971191164 0.259884971191164 0.259884971191164
0.266843187657306 0.266843187657306 0.266843187657306 0.266843187657306
0.259866547750486 0.259866547750486 0.259866547750486 0.259866547750486
0.259866547750486 0.259866547750486 0.259866547750486 0.259866547750486
0.259866547750486 0.259866547750486 0.259866547750486 0.259866547750486
0.210705344465729 0.210705344465729 0.210705344465729 0.210705344465729
0.290060437979643 0.290060437979643 0.290060437979643 0.290060437979643
0.250502890606432 0.250502890606432 0.250502890606432 0.250502890606432
0.246475338858885 0.246475338858885 0.246475338858885 0.246475338858885
0.240347707629732 0.240347707629732 0.240347707629732 0.240347707629732
0.308891469863257 0.308891469863257 0.308891469863257 0.308891469863257
0.32051008435982 0.32051008435982 0.32051008435982 0.32051008435982
0.243447224222618 0.243447224222618 0.243447224222618 0.243447224222618
0.243447224222618 0.243447224222618 0.243447224222618 0.243447224222618
0.243447224222618 0.243447224222618 0.243447224222618 0.243447224222618
0.243447224222618 0.243447224222618 0.243447224222618 0.243447224222618
0.267720269128181 0.267720269128181 0.267720269128181 0.267720269128181
0.230593810394793 0.230593810394793 0.230593810394793 0.230593810394793
0.224207380946447 0.224207380946447 0.224207380946447 0.224207380946447
0.241771348065335 0.241771348065335 0.241771348065335 0.241771348065335
0.237698333587652 0.237698333587652 0.237698333587652 0.237698333587652
0.269317921259546 0.269317921259546 0.269317921259546 0.269317921259546
0.256090290858864 0.256090290858864 0.256090290858864 0.256090290858864
0.251281910187106 0.251281910187106 0.251281910187106 0.251281910187106
0.251930640944668 0.251930640944668 0.251930640944668 0.251930640944668
0.25535799925443 0.25535799925443 0.25535799925443 0.25535799925443
0.226374489330511 0.226374489330511 0.226374489330511 0.226374489330511
0.231133890078743 0.231133890078743 0.231133890078743 0.231133890078743
0.252304904395775 0.252304904395775 0.252304904395775 0.252304904395775
0.252304904395775 0.252304904395775 0.252304904395775 0.252304904395775
0.248393859036672 0.248393859036672 0.248393859036672 0.248393859036672
0.248393859036672 0.248393859036672 0.248393859036672 0.248393859036672
0.276419514681334 0.276419514681334 0.276419514681334 0.276419514681334
0.235334429170214 0.235334429170214 0.235334429170214 0.235334429170214
0.28022778072998 0.28022778072998 0.28022778072998 0.28022778072998
0.265193895911765 0.265193895911765 0.265193895911765 0.265193895911765
0.3011696162977 0.3011696162977 0.3011696162977 0.3011696162977
0.25973242158971 0.25973242158971 0.25973242158971 0.25973242158971
0.269617489303084 0.269617489303084 0.269617489303084 0.269617489303084
0.240371326918179 0.240371326918179 0.240371326918179 0.240371326918179
0.265112201781542 0.265112201781542 0.265112201781542 0.265112201781542
0.246996418245927 0.246996418245927 0.246996418245927 0.246996418245927
0.258559877001687 0.258559877001687 0.258559877001687 0.258559877001687
0.258559877001687 0.258559877001687 0.258559877001687 0.258559877001687
0.271029917624586 0.271029917624586 0.271029917624586 0.271029917624586
0.244184716313732 0.244184716313732 0.244184716313732 0.244184716313732
0.250004012363425 0.250004012363425 0.250004012363425 0.250004012363425
0.253818002427198 0.253818002427198 0.253818002427198 0.253818002427198
0.264104482021819 0.264104482021819 0.264104482021819 0.264104482021819
0.268866929732643 0.268866929732643 0.268866929732643 0.268866929732643
0.272258393931454 0.272258393931454 0.272258393931454 0.272258393931454
0.25640623505312 0.25640623505312 0.25640623505312 0.25640623505312
0.276888770895553 0.276888770895553 0.276888770895553 0.276888770895553
0.276747948426173 0.276747948426173 0.276747948426173 0.276747948426173
0.241379028409613 0.241379028409613 0.241379028409613 0.241379028409613
0.262838856016035 0.262838856016035 0.262838856016035 0.262838856016035
0.260913849923141 0.260913849923141 0.260913849923141 0.260913849923141
0.260913849923141 0.260913849923141 0.260913849923141 0.260913849923141
0.288914402493513 0.288914402493513 0.288914402493513 0.288914402493513
0.272735640512227 0.272735640512227 0.272735640512227 0.272735640512227
0.276607583488067 0.276607583488067 0.276607583488067 0.276607583488067
0.271020076338241 0.271020076338241 0.271020076338241 0.271020076338241
0.279310991984431 0.279310991984431 0.279310991984431 0.279310991984431
0.311090297473523 0.311090297473523 0.311090297473523 0.311090297473523
0.263686473382457 0.263686473382457 0.263686473382457 0.263686473382457
0.247464435517872 0.247464435517872 0.247464435517872 0.247464435517872
0.248276394872404 0.248276394872404 0.248276394872404 0.248276394872404
0.249845572833401 0.249845572833401 0.249845572833401 0.249845572833401
0.269674765841335 0.269674765841335 0.269674765841335 0.269674765841335
0.269674765841335 0.269674765841335 0.269674765841335 0.269674765841335
0.280498125570182 0.280498125570182 0.280498125570182 0.280498125570182
0.243072915953795 0.243072915953795 0.243072915953795 0.243072915953795
0.236358397930362 0.236358397930362 0.236358397930362 0.236358397930362
0.25071705909405 0.25071705909405 0.25071705909405 0.25071705909405
0.195952333448548 0.195952333448548 0.195952333448548 0.195952333448548
0.261246690281514 0.261246690281514 0.261246690281514 0.261246690281514
0.252492073703842 0.252492073703842 0.252492073703842 0.252492073703842
0.243064139998762 0.243064139998762 0.243064139998762 0.243064139998762
0.270841173503486 0.270841173503486 0.270841173503486 0.270841173503486
0.247989356552688 0.247989356552688 0.247989356552688 0.247989356552688
0.2418002945932 0.2418002945932 0.2418002945932 0.2418002945932
0.217326224449344 0.217326224449344 0.217326224449344 0.217326224449344
0.214097180214138 0.214097180214138 0.214097180214138 0.214097180214138
0.248112301090085 0.248112301090085 0.248112301090085 0.248112301090085
0.249933050110004 0.249933050110004 0.249933050110004 0.249933050110004
0.195593791113129 0.195593791113129 0.195593791113129 0.195593791113129
0.25238483104294 0.25238483104294 0.25238483104294 0.25238483104294
0.20804318920575 0.20804318920575 0.20804318920575 0.20804318920575
0.239337494860543 0.239337494860543 0.239337494860543 0.239337494860543
0.267536380623899 0.267536380623899 0.267536380623899 0.267536380623899
0.22447141013285 0.22447141013285 0.22447141013285 0.22447141013285
0.203185665262039 0.203185665262039 0.203185665262039 0.203185665262039
0.233944222269025 0.233944222269025 0.233944222269025 0.233944222269025
0.200706377936785 0.200706377936785 0.200706377936785 0.200706377936785
0.227916093907967 0.227916093907967 0.227916093907967 0.227916093907967
0.221757609263775 0.221757609263775 0.221757609263775 0.221757609263775
0.221757609263775 0.221757609263775 0.221757609263775 0.221757609263775
0.224715068977135 0.224715068977135 0.224715068977135 0.224715068977135
0.189100527526049 0.189100527526049 0.189100527526049 0.189100527526049
0.234163638004588 0.234163638004588 0.234163638004588 0.234163638004588
0.266246708456857 0.266246708456857 0.266246708456857 0.266246708456857
0.204952070085369 0.204952070085369 0.204952070085369 0.204952070085369
0.231583546953811 0.231583546953811 0.231583546953811 0.231583546953811
0.231583546953811 0.231583546953811 0.231583546953811 0.231583546953811
0.252162664544759 0.252162664544759 0.252162664544759 0.252162664544759
0.220395509313555 0.220395509313555 0.220395509313555 0.220395509313555
0.248928167202593 0.248928167202593 0.248928167202593 0.248928167202593
0.243258478298852 0.243258478298852 0.243258478298852 0.243258478298852
0.272713818456016 0.272713818456016 0.272713818456016 0.272713818456016
0.232531122176381 0.232531122176381 0.232531122176381 0.232531122176381
0.249261228803415 0.249261228803415 0.249261228803415 0.249261228803415
0.235399237205558 0.235399237205558 0.235399237205558 0.235399237205558
0.258698073506281 0.258698073506281 0.258698073506281 0.258698073506281
0.235379389849486 0.235379389849486 0.235379389849486 0.235379389849486
0.239903932685799 0.239903932685799 0.239903932685799 0.239903932685799
0.248933797503066 0.248933797503066 0.248933797503066 0.248933797503066
0.27243324278945 0.27243324278945 0.27243324278945 0.27243324278945
0.286019707196885 0.286019707196885 0.286019707196885 0.286019707196885
0.257224236056799 0.257224236056799 0.257224236056799 0.257224236056799
0.278674792437877 0.278674792437877 0.278674792437877 0.278674792437877
0.23692487703232 0.23692487703232 0.23692487703232 0.23692487703232
0.283062985885594 0.283062985885594 0.283062985885594 0.283062985885594
0.283062985885594 0.283062985885594 0.283062985885594 0.283062985885594
0.273003449875788 0.273003449875788 0.273003449875788 0.273003449875788
0.237595264884489 0.237595264884489 0.237595264884489 0.237595264884489
0.242997123340021 0.242997123340021 0.242997123340021 0.242997123340021
0.26643509942262 0.26643509942262 0.26643509942262 0.26643509942262
0.278536377563232 0.278536377563232 0.278536377563232 0.278536377563232
0.278536377563232 0.278536377563232 0.278536377563232 0.278536377563232
0.269527061383476 0.269527061383476 0.269527061383476 0.269527061383476
0.238663070467552 0.238663070467552 0.238663070467552 0.238663070467552
0.2309820496667 0.2309820496667 0.2309820496667 0.2309820496667
0.269843780974179 0.269843780974179 0.269843780974179 0.269843780974179
0.265329288119346 0.265329288119346 0.265329288119346 0.265329288119346
0.253093242363197 0.253093242363197 0.253093242363197 0.253093242363197
0.253093242363197 0.253093242363197 0.253093242363197 0.253093242363197
0.253093242363197 0.253093242363197 0.253093242363197 0.253093242363197
0.258716233999338 0.258716233999338 0.258716233999338 0.258716233999338
0.247604116281405 0.247604116281405 0.247604116281405 0.247604116281405
0.248423428339221 0.248423428339221 0.248423428339221 0.248423428339221
0.237007151774545 0.237007151774545 0.237007151774545 0.237007151774545
0.24241605657962 0.24241605657962 0.24241605657962 0.24241605657962
0.24241605657962 0.24241605657962 0.24241605657962 0.24241605657962
0.265578723576049 0.265578723576049 0.265578723576049 0.265578723576049
0.265578723576049 0.265578723576049 0.265578723576049 0.265578723576049
0.236491134283675 0.236491134283675 0.236491134283675 0.236491134283675
0.263534033677297 0.263534033677297 0.263534033677297 0.263534033677297
0.268076436280457 0.268076436280457 0.268076436280457 0.268076436280457
0.227934165454664 0.227934165454664 0.227934165454664 0.227934165454664
0.242766918739378 0.242766918739378 0.242766918739378 0.242766918739378
0.245787342295833 0.245787342295833 0.245787342295833 0.245787342295833
0.225891082951419 0.225891082951419 0.225891082951419 0.225891082951419
0.225104826432344 0.225104826432344 0.225104826432344 0.225104826432344
0.260469460459125 0.260469460459125 0.260469460459125 0.260469460459125
0.260469460459125 0.260469460459125 0.260469460459125 0.260469460459125
0.214476247759148 0.214476247759148 0.214476247759148 0.214476247759148
0.261590573232747 0.261590573232747 0.261590573232747 0.261590573232747
0.234748474887468 0.234748474887468 0.234748474887468 0.234748474887468
0.231836857718286 0.231836857718286 0.231836857718286 0.231836857718286
0.265537077862271 0.265537077862271 0.265537077862271 0.265537077862271
0.252460571248658 0.252460571248658 0.252460571248658 0.252460571248658
0.268511019485408 0.268511019485408 0.268511019485408 0.268511019485408
0.29256561302716 0.29256561302716 0.29256561302716 0.29256561302716
0.242680770745924 0.242680770745924 0.242680770745924 0.242680770745924
0.240065070008421 0.240065070008421 0.240065070008421 0.240065070008421
0.241838310576739 0.241838310576739 0.241838310576739 0.241838310576739
0.245725311081514 0.245725311081514 0.245725311081514 0.245725311081514
0.249410986175374 0.249410986175374 0.249410986175374 0.249410986175374
0.247631771583581 0.247631771583581 0.247631771583581 0.247631771583581
0.226403070072006 0.226403070072006 0.226403070072006 0.226403070072006
0.248828718015185 0.248828718015185 0.248828718015185 0.248828718015185
0.235623891320035 0.235623891320035 0.235623891320035 0.235623891320035
0.241431289613271 0.241431289613271 0.241431289613271 0.241431289613271
0.24611126761619 0.24611126761619 0.24611126761619 0.24611126761619
0.243841650589574 0.243841650589574 0.243841650589574 0.243841650589574
0.231937307318254 0.231937307318254 0.231937307318254 0.231937307318254
0.223765394884422 0.223765394884422 0.223765394884422 0.223765394884422
0.283284342902537 0.283284342902537 0.283284342902537 0.283284342902537
0.255592394596852 0.255592394596852 0.255592394596852 0.255592394596852
0.231173503805773 0.231173503805773 0.231173503805773 0.231173503805773
0.277212396166299 0.277212396166299 0.277212396166299 0.277212396166299
0.269687036394056 0.269687036394056 0.269687036394056 0.269687036394056
0.262341054556433 0.262341054556433 0.262341054556433 0.262341054556433
0.246791065975891 0.246791065975891 0.246791065975891 0.246791065975891
0.247703310182224 0.247703310182224 0.247703310182224 0.247703310182224
0.257187367972963 0.257187367972963 0.257187367972963 0.257187367972963
0.226310277618801 0.226310277618801 0.226310277618801 0.226310277618801
0.291893776629653 0.291893776629653 0.291893776629653 0.291893776629653
0.259302976288145 0.259302976288145 0.259302976288145 0.259302976288145
0.257440537502214 0.257440537502214 0.257440537502214 0.257440537502214
0.257440537502214 0.257440537502214 0.257440537502214 0.257440537502214
0.253260679468271 0.253260679468271 0.253260679468271 0.253260679468271
0.258809228679545 0.258809228679545 0.258809228679545 0.258809228679545
0.283270803335224 0.283270803335224 0.283270803335224 0.283270803335224
0.264810070339224 0.264810070339224 0.264810070339224 0.264810070339224
0.262507846075446 0.262507846075446 0.262507846075446 0.262507846075446
0.230019020571139 0.230019020571139 0.230019020571139 0.230019020571139
0.24513353094603 0.24513353094603 0.24513353094603 0.24513353094603
0.273829663245378 0.273829663245378 0.273829663245378 0.273829663245378
0.264706987251045 0.264706987251045 0.264706987251045 0.264706987251045
0.279126824010963 0.279126824010963 0.279126824010963 0.279126824010963
0.266429400469967 0.266429400469967 0.266429400469967 0.266429400469967
0.26202533536735 0.26202533536735 0.26202533536735 0.26202533536735
0.26202533536735 0.26202533536735 0.26202533536735 0.26202533536735
0.229109995845508 0.229109995845508 0.229109995845508 0.229109995845508
0.245098546367196 0.245098546367196 0.245098546367196 0.245098546367196
0.249513910160967 0.249513910160967 0.249513910160967 0.249513910160967
0.268826082014286 0.268826082014286 0.268826082014286 0.268826082014286
0.311871850931081 0.311871850931081 0.311871850931081 0.311871850931081
0.235024759276042 0.235024759276042 0.235024759276042 0.235024759276042
0.295882401770832 0.295882401770832 0.295882401770832 0.295882401770832
0.271157909100406 0.271157909100406 0.271157909100406 0.271157909100406
0.247631574995426 0.247631574995426 0.247631574995426 0.247631574995426
0.247631574995426 0.247631574995426 0.247631574995426 0.247631574995426
0.293746011444214 0.293746011444214 0.293746011444214 0.293746011444214
0.249285680353673 0.249285680353673 0.249285680353673 0.249285680353673
0.266457117846356 0.266457117846356 0.266457117846356 0.266457117846356
0.296083451362904 0.296083451362904 0.296083451362904 0.296083451362904
0.257581956623729 0.257581956623729 0.257581956623729 0.257581956623729
0.300169184919589 0.300169184919589 0.300169184919589 0.300169184919589
0.291949686656958 0.291949686656958 0.291949686656958 0.291949686656958
0.274464921370757 0.274464921370757 0.274464921370757 0.274464921370757
0.286259757557113 0.286259757557113 0.286259757557113 0.286259757557113
0.28795330250926 0.28795330250926 0.28795330250926 0.28795330250926
0.287501800555863 0.287501800555863 0.287501800555863 0.287501800555863
0.271435462212242 0.271435462212242 0.271435462212242 0.271435462212242
0.29072748243861 0.29072748243861 0.29072748243861 0.29072748243861
0.298367262026408 0.298367262026408 0.298367262026408 0.298367262026408
0.25537668425237 0.25537668425237 0.25537668425237 0.25537668425237
0.275596424934218 0.275596424934218 0.275596424934218 0.275596424934218
0.269755918449763 0.269755918449763 0.269755918449763 0.269755918449763
0.269300998875895 0.269300998875895 0.269300998875895 0.269300998875895
0.250203164285309 0.250203164285309 0.250203164285309 0.250203164285309
0.256254474270599 0.256254474270599 0.256254474270599 0.256254474270599
0.277828319780271 0.277828319780271 0.277828319780271 0.277828319780271
0.279425486990605 0.279425486990605 0.279425486990605 0.279425486990605
0.27820118629282 0.27820118629282 0.27820118629282 0.27820118629282
0.270540401620749 0.270540401620749 0.270540401620749 0.270540401620749
0.277622284572764 0.277622284572764 0.277622284572764 0.277622284572764
0.294163924654216 0.294163924654216 0.294163924654216 0.294163924654216
0.279283392666504 0.279283392666504 0.279283392666504 0.279283392666504
0.284006737100213 0.284006737100213 0.284006737100213 0.284006737100213
0.257759235853334 0.257759235853334 0.257759235853334 0.257759235853334
0.252927073631557 0.252927073631557 0.252927073631557 0.252927073631557
0.252927073631557 0.252927073631557 0.252927073631557 0.252927073631557
0.264706384209494 0.264706384209494 0.264706384209494 0.264706384209494
0.271983868794116 0.271983868794116 0.271983868794116 0.271983868794116
0.271983868794116 0.271983868794116 0.271983868794116 0.271983868794116
0.268793450023257 0.268793450023257 0.268793450023257 0.268793450023257
0.298220191374294 0.298220191374294 0.298220191374294 0.298220191374294
0.298509317080816 0.298509317080816 0.298509317080816 0.298509317080816
0.276576765582079 0.276576765582079 0.276576765582079 0.276576765582079
0.303298365009121 0.303298365009121 0.303298365009121 0.303298365009121
0.255884471523778 0.255884471523778 0.255884471523778 0.255884471523778
0.287196932396682 0.287196932396682 0.287196932396682 0.287196932396682
0.262679010534962 0.262679010534962 0.262679010534962 0.262679010534962
0.262679010534962 0.262679010534962 0.262679010534962 0.262679010534962
0.25134374505735 0.25134374505735 0.25134374505735 0.25134374505735
0.272626994127951 0.272626994127951 0.272626994127951 0.272626994127951
0.263571818890536 0.263571818890536 0.263571818890536 0.263571818890536
0.248437334315925 0.248437334315925 0.248437334315925 0.248437334315925
0.273770498138334 0.273770498138334 0.273770498138334 0.273770498138334
0.284985628881034 0.284985628881034 0.284985628881034 0.284985628881034
0.265672210992708 0.265672210992708 0.265672210992708 0.265672210992708
0.221921084541546 0.221921084541546 0.221921084541546 0.221921084541546
0.237891120618522 0.237891120618522 0.237891120618522 0.237891120618522
0.237891120618522 0.237891120618522 0.237891120618522 0.237891120618522
0.279450287094846 0.279450287094846 0.279450287094846 0.279450287094846
0.248847857387732 0.248847857387732 0.248847857387732 0.248847857387732
0.267945586483811 0.267945586483811 0.267945586483811 0.267945586483811
0.267945586483811 0.267945586483811 0.267945586483811 0.267945586483811
0.2635299755377 0.2635299755377 0.2635299755377 0.2635299755377
0.237587916316805 0.237587916316805 0.237587916316805 0.237587916316805
0.240866240143527 0.240866240143527 0.240866240143527 0.240866240143527
0.233350859105599 0.233350859105599 0.233350859105599 0.233350859105599
0.241784281468776 0.241784281468776 0.241784281468776 0.241784281468776
0.261067591057889 0.261067591057889 0.261067591057889 0.261067591057889
0.254054303072769 0.254054303072769 0.254054303072769 0.254054303072769
0.243771032558924 0.243771032558924 0.243771032558924 0.243771032558924
0.243771032558924 0.243771032558924 0.243771032558924 0.243771032558924
0.239465882296308 0.239465882296308 0.239465882296308 0.239465882296308
0.271255435898426 0.271255435898426 0.271255435898426 0.271255435898426
0.239698334239125 0.239698334239125 0.239698334239125 0.239698334239125
0.235777098161609 0.235777098161609 0.235777098161609 0.235777098161609
0.268772801598007 0.268772801598007 0.268772801598007 0.268772801598007
0.28750247221647 0.28750247221647 0.28750247221647 0.28750247221647
0.230033411914724 0.230033411914724 0.230033411914724 0.230033411914724
0.247681289543449 0.247681289543449 0.247681289543449 0.247681289543449
0.253327564125939 0.253327564125939 0.253327564125939 0.253327564125939
0.234608951749542 0.234608951749542 0.234608951749542 0.234608951749542
0.226230864089374 0.226230864089374 0.226230864089374 0.226230864089374
0.226230864089374 0.226230864089374 0.226230864089374 0.226230864089374
0.271476187072092 0.271476187072092 0.271476187072092 0.271476187072092
0.248362532835473 0.248362532835473 0.248362532835473 0.248362532835473
0.253279296082758 0.253279296082758 0.253279296082758 0.253279296082758
0.26187641708351 0.26187641708351 0.26187641708351 0.26187641708351
0.26187641708351 0.26187641708351 0.26187641708351 0.26187641708351
0.26187641708351 0.26187641708351 0.26187641708351 0.26187641708351
0.230153556432939 0.230153556432939 0.230153556432939 0.230153556432939
0.230153556432939 0.230153556432939 0.230153556432939 0.230153556432939
0.281577048967592 0.281577048967592 0.281577048967592 0.281577048967592
0.252298325565236 0.252298325565236 0.252298325565236 0.252298325565236
0.225725856511766 0.225725856511766 0.225725856511766 0.225725856511766
0.228828248808492 0.228828248808492 0.228828248808492 0.228828248808492
0.242752787194349 0.242752787194349 0.242752787194349 0.242752787194349
0.252905561441586 0.252905561441586 0.252905561441586 0.252905561441586
0.252905561441586 0.252905561441586 0.252905561441586 0.252905561441586
0.241409770621622 0.241409770621622 0.241409770621622 0.241409770621622
0.269936987772003 0.269936987772003 0.269936987772003 0.269936987772003
0.250613439377787 0.250613439377787 0.250613439377787 0.250613439377787
0.250613439377787 0.250613439377787 0.250613439377787 0.250613439377787
0.247071517035235 0.247071517035235 0.247071517035235 0.247071517035235
0.246181582428925 0.246181582428925 0.246181582428925 0.246181582428925
0.246181582428925 0.246181582428925 0.246181582428925 0.246181582428925
0.297945381692115 0.297945381692115 0.297945381692115 0.297945381692115
0.297361776961181 0.297361776961181 0.297361776961181 0.297361776961181
0.273110997872184 0.273110997872184 0.273110997872184 0.273110997872184
0.250422926447645 0.250422926447645 0.250422926447645 0.250422926447645
0.211687181222171 0.211687181222171 0.211687181222171 0.211687181222171
0.252196460415788 0.252196460415788 0.252196460415788 0.252196460415788
0.238099558741833 0.238099558741833 0.238099558741833 0.238099558741833
0.251809691402019 0.251809691402019 0.251809691402019 0.251809691402019
0.253701606874763 0.253701606874763 0.253701606874763 0.253701606874763
0.292402189372318 0.292402189372318 0.292402189372318 0.292402189372318
0.256441689385062 0.256441689385062 0.256441689385062 0.256441689385062
0.278019765419643 0.278019765419643 0.278019765419643 0.278019765419643
0.279169307898974 0.279169307898974 0.279169307898974 0.279169307898974
0.243770762489441 0.243770762489441 0.243770762489441 0.243770762489441
0.25741535805014 0.25741535805014 0.25741535805014 0.25741535805014
0.246711037312278 0.246711037312278 0.246711037312278 0.246711037312278
0.227499897310422 0.227499897310422 0.227499897310422 0.227499897310422
0.27257310545878 0.27257310545878 0.27257310545878 0.27257310545878
0.275833860539485 0.275833860539485 0.275833860539485 0.275833860539485
0.267375869300493 0.267375869300493 0.267375869300493 0.267375869300493
0.264660944862684 0.264660944862684 0.264660944862684 0.264660944862684
0.254374787931742 0.254374787931742 0.254374787931742 0.254374787931742
0.251764766536266 0.251764766536266 0.251764766536266 0.251764766536266
0.275204859516544 0.275204859516544 0.275204859516544 0.275204859516544
0.260987359758052 0.260987359758052 0.260987359758052 0.260987359758052
0.259927044816597 0.259927044816597 0.259927044816597 0.259927044816597
0.230931417352431 0.230931417352431 0.230931417352431 0.230931417352431
0.278519241122104 0.278519241122104 0.278519241122104 0.278519241122104
0.26198819707163 0.26198819707163 0.26198819707163 0.26198819707163
0.252298266301619 0.252298266301619 0.252298266301619 0.252298266301619
0.28356112722386 0.28356112722386 0.28356112722386 0.28356112722386
0.27088876153137 0.27088876153137 0.27088876153137 0.27088876153137
0.238560269706831 0.238560269706831 0.238560269706831 0.238560269706831
0.310950473818815 0.310950473818815 0.310950473818815 0.310950473818815
0.268264476426738 0.268264476426738 0.268264476426738 0.268264476426738
0.273105444798697 0.273105444798697 0.273105444798697 0.273105444798697
0.273105444798697 0.273105444798697 0.273105444798697 0.273105444798697
0.272299484776048 0.272299484776048 0.272299484776048 0.272299484776048
0.237625136770341 0.237625136770341 0.237625136770341 0.237625136770341
0.291531763620139 0.291531763620139 0.291531763620139 0.291531763620139
0.291531763620139 0.291531763620139 0.291531763620139 0.291531763620139
0.291531763620139 0.291531763620139 0.291531763620139 0.291531763620139
0.294570872664958 0.294570872664958 0.294570872664958 0.294570872664958
0.262142534528348 0.262142534528348 0.262142534528348 0.262142534528348
0.260057683641644 0.260057683641644 0.260057683641644 0.260057683641644
0.282539169439083 0.282539169439083 0.282539169439083 0.282539169439083
0.31873507083908 0.31873507083908 0.31873507083908 0.31873507083908
0.306202136287506 0.306202136287506 0.306202136287506 0.306202136287506
0.277042380684118 0.277042380684118 0.277042380684118 0.277042380684118
0.292555169031508 0.292555169031508 0.292555169031508 0.292555169031508
0.260390576517664 0.260390576517664 0.260390576517664 0.260390576517664
0.307409008578806 0.307409008578806 0.307409008578806 0.307409008578806
0.276614791585862 0.276614791585862 0.276614791585862 0.276614791585862
0.276614791585862 0.276614791585862 0.276614791585862 0.276614791585862
0.301374129967451 0.301374129967451 0.301374129967451 0.301374129967451
0.301093481508074 0.301093481508074 0.301093481508074 0.301093481508074
0.296556374125833 0.296556374125833 0.296556374125833 0.296556374125833
0.27274425994656 0.27274425994656 0.27274425994656 0.27274425994656
0.304756667052424 0.304756667052424 0.304756667052424 0.304756667052424
0.293524160421738 0.293524160421738 0.293524160421738 0.293524160421738
0.315013113509546 0.315013113509546 0.315013113509546 0.315013113509546
0.280062951087174 0.280062951087174 0.280062951087174 0.280062951087174
0.288161660330195 0.288161660330195 0.288161660330195 0.288161660330195
0.293163785223204 0.293163785223204 0.293163785223204 0.293163785223204
0.250226892560481 0.250226892560481 0.250226892560481 0.250226892560481
0.278008493395688 0.278008493395688 0.278008493395688 0.278008493395688
0.331888253106375 0.331888253106375 0.331888253106375 0.331888253106375
0.268367909144905 0.268367909144905 0.268367909144905 0.268367909144905
0.268367909144905 0.268367909144905 0.268367909144905 0.268367909144905
0.26071087802024 0.26071087802024 0.26071087802024 0.26071087802024
0.25417786574587 0.25417786574587 0.25417786574587 0.25417786574587
0.25386191378619 0.25386191378619 0.25386191378619 0.25386191378619
0.277896026267561 0.277896026267561 0.277896026267561 0.277896026267561
0.286543593519534 0.286543593519534 0.286543593519534 0.286543593519534
0.234866943039927 0.234866943039927 0.234866943039927 0.234866943039927
0.302958329136882 0.302958329136882 0.302958329136882 0.302958329136882
0.283540195712771 0.283540195712771 0.283540195712771 0.283540195712771
0.27920089657335 0.27920089657335 0.27920089657335 0.27920089657335
0.279031626108679 0.279031626108679 0.279031626108679 0.279031626108679
0.232010375327665 0.232010375327665 0.232010375327665 0.232010375327665
0.253733215695182 0.253733215695182 0.253733215695182 0.253733215695182
0.296373339663385 0.296373339663385 0.296373339663385 0.296373339663385
0.282337729062494 0.282337729062494 0.282337729062494 0.282337729062494
0.304123741147579 0.304123741147579 0.304123741147579 0.304123741147579
0.303785518642594 0.303785518642594 0.303785518642594 0.303785518642594
0.249730978972035 0.249730978972035 0.249730978972035 0.249730978972035
0.30334697773004 0.30334697773004 0.30334697773004 0.30334697773004
0.303029117589997 0.303029117589997 0.303029117589997 0.303029117589997
0.268812743107918 0.268812743107918 0.268812743107918 0.268812743107918
0.280200932194383 0.280200932194383 0.280200932194383 0.280200932194383
0.236278709353384 0.236278709353384 0.236278709353384 0.236278709353384
0.259212869082279 0.259212869082279 0.259212869082279 0.259212869082279
0.294398499382344 0.294398499382344 0.294398499382344 0.294398499382344
0.255643825720113 0.255643825720113 0.255643825720113 0.255643825720113
0.278281357119541 0.278281357119541 0.278281357119541 0.278281357119541
0.287342923361216 0.287342923361216 0.287342923361216 0.287342923361216
0.270978002356038 0.270978002356038 0.270978002356038 0.270978002356038
0.255419150566047 0.255419150566047 0.255419150566047 0.255419150566047
0.310007929911461 0.310007929911461 0.310007929911461 0.310007929911461
0.24265451884963 0.24265451884963 0.24265451884963 0.24265451884963
0.296682002604681 0.296682002604681 0.296682002604681 0.296682002604681
0.295970595125721 0.295970595125721 0.295970595125721 0.295970595125721
0.294044395960241 0.294044395960241 0.294044395960241 0.294044395960241
0.266176356752438 0.266176356752438 0.266176356752438 0.266176356752438
0.308662339459654 0.308662339459654 0.308662339459654 0.308662339459654
0.308662339459654 0.308662339459654 0.308662339459654 0.308662339459654
0.264829713527917 0.264829713527917 0.264829713527917 0.264829713527917
0.266955862655316 0.266955862655316 0.266955862655316 0.266955862655316
0.266955862655316 0.266955862655316 0.266955862655316 0.266955862655316
0.272104588447648 0.272104588447648 0.272104588447648 0.272104588447648
0.293295952973695 0.293295952973695 0.293295952973695 0.293295952973695
0.289778746343055 0.289778746343055 0.289778746343055 0.289778746343055
0.296551055615359 0.296551055615359 0.296551055615359 0.296551055615359
0.30289697110853 0.30289697110853 0.30289697110853 0.30289697110853
0.2773486699491 0.2773486699491 0.2773486699491 0.2773486699491
0.236935395957285 0.236935395957285 0.236935395957285 0.236935395957285
0.309281569472426 0.309281569472426 0.309281569472426 0.309281569472426
0.268106109000802 0.268106109000802 0.268106109000802 0.268106109000802
0.293137784045384 0.293137784045384 0.293137784045384 0.293137784045384
0.297460241890899 0.297460241890899 0.297460241890899 0.297460241890899
0.267212540271719 0.267212540271719 0.267212540271719 0.267212540271719
0.276457816465276 0.276457816465276 0.276457816465276 0.276457816465276
0.297064643811034 0.297064643811034 0.297064643811034 0.297064643811034
0.266532290723945 0.266532290723945 0.266532290723945 0.266532290723945
0.330908780273352 0.330908780273352 0.330908780273352 0.330908780273352
0.309083283684295 0.309083283684295 0.309083283684295 0.309083283684295
0.264042725291145 0.264042725291145 0.264042725291145 0.264042725291145
0.340863962470546 0.340863962470546 0.340863962470546 0.340863962470546
0.275053450745152 0.275053450745152 0.275053450745152 0.275053450745152
0.271336665516798 0.271336665516798 0.271336665516798 0.271336665516798
0.286961558652311 0.286961558652311 0.286961558652311 0.286961558652311
0.286961558652311 0.286961558652311 0.286961558652311 0.286961558652311
0.285196234233755 0.285196234233755 0.285196234233755 0.285196234233755
0.28797238745882 0.28797238745882 0.28797238745882 0.28797238745882
0.29518838691203 0.29518838691203 0.29518838691203 0.29518838691203
0.283072462927139 0.283072462927139 0.283072462927139 0.283072462927139
0.289902067018375 0.289902067018375 0.289902067018375 0.289902067018375
0.275767455428305 0.275767455428305 0.275767455428305 0.275767455428305
0.296955501290091 0.296955501290091 0.296955501290091 0.296955501290091
0.287294346770181 0.287294346770181 0.287294346770181 0.287294346770181
0.287294346770181 0.287294346770181 0.287294346770181 0.287294346770181
0.302513322015686 0.302513322015686 0.302513322015686 0.302513322015686
0.331279163438589 0.331279163438589 0.331279163438589 0.331279163438589
0.290651961945342 0.290651961945342 0.290651961945342 0.290651961945342
0.29753388985574 0.29753388985574 0.29753388985574 0.29753388985574
0.31899630555784 0.31899630555784 0.31899630555784 0.31899630555784
0.29678852163516 0.29678852163516 0.29678852163516 0.29678852163516
0.289157974838183 0.289157974838183 0.289157974838183 0.289157974838183
0.290465485534175 0.290465485534175 0.290465485534175 0.290465485534175
0.27933564767858 0.27933564767858 0.27933564767858 0.27933564767858
0.298522525427523 0.298522525427523 0.298522525427523 0.298522525427523
0.287277350212008 0.287277350212008 0.287277350212008 0.287277350212008
0.276073518390171 0.276073518390171 0.276073518390171 0.276073518390171
0.295149645912141 0.295149645912141 0.295149645912141 0.295149645912141
0.301640868553083 0.301640868553083 0.301640868553083 0.301640868553083
0.26477407339768 0.26477407339768 0.26477407339768 0.26477407339768
0.269677626993742 0.269677626993742 0.269677626993742 0.269677626993742
0.269677626993742 0.269677626993742 0.269677626993742 0.269677626993742
0.266518602265417 0.266518602265417 0.266518602265417 0.266518602265417
0.263583075428473 0.263583075428473 0.263583075428473 0.263583075428473
0.29747342975262 0.29747342975262 0.29747342975262 0.29747342975262
0.30017933727488 0.30017933727488 0.30017933727488 0.30017933727488
0.30017933727488 0.30017933727488 0.30017933727488 0.30017933727488
0.295307444343441 0.295307444343441 0.295307444343441 0.295307444343441
0.289315671198836 0.289315671198836 0.289315671198836 0.289315671198836
0.246346722409304 0.246346722409304 0.246346722409304 0.246346722409304
0.275323994922426 0.275323994922426 0.275323994922426 0.275323994922426
0.297606657943091 0.297606657943091 0.297606657943091 0.297606657943091
0.313213399968066 0.313213399968066 0.313213399968066 0.313213399968066
0.292063461781373 0.292063461781373 0.292063461781373 0.292063461781373
0.282806655895092 0.282806655895092 0.282806655895092 0.282806655895092
0.294147886841338 0.294147886841338 0.294147886841338 0.294147886841338
0.280312854853114 0.280312854853114 0.280312854853114 0.280312854853114
0.264111479236602 0.264111479236602 0.264111479236602 0.264111479236602
0.264111479236602 0.264111479236602 0.264111479236602 0.264111479236602
0.29880434140325 0.29880434140325 0.29880434140325 0.29880434140325
0.271236875617595 0.271236875617595 0.271236875617595 0.271236875617595
0.271236875617595 0.271236875617595 0.271236875617595 0.271236875617595
0.296206388819133 0.296206388819133 0.296206388819133 0.296206388819133
0.26755610372284 0.26755610372284 0.26755610372284 0.26755610372284
0.303096985839867 0.303096985839867 0.303096985839867 0.303096985839867
0.308217180604333 0.308217180604333 0.308217180604333 0.308217180604333
0.28639384095578 0.28639384095578 0.28639384095578 0.28639384095578
0.294902330095948 0.294902330095948 0.294902330095948 0.294902330095948
0.24651079967664 0.24651079967664 0.24651079967664 0.24651079967664
0.273812547619909 0.273812547619909 0.273812547619909 0.273812547619909
0.274906549539547 0.274906549539547 0.274906549539547 0.274906549539547
0.262296898707799 0.262296898707799 0.262296898707799 0.262296898707799
0.257397772872046 0.257397772872046 0.257397772872046 0.257397772872046
0.280480486605328 0.280480486605328 0.280480486605328 0.280480486605328
0.284429450606822 0.284429450606822 0.284429450606822 0.284429450606822
0.298734678303762 0.298734678303762 0.298734678303762 0.298734678303762
0.294559616254926 0.294559616254926 0.294559616254926 0.294559616254926
0.26391074578346 0.26391074578346 0.26391074578346 0.26391074578346
0.274690660420137 0.274690660420137 0.274690660420137 0.274690660420137
0.258228214725834 0.258228214725834 0.258228214725834 0.258228214725834
0.2775767924386 0.2775767924386 0.2775767924386 0.2775767924386
0.2775767924386 0.2775767924386 0.2775767924386 0.2775767924386
0.28556392159702 0.28556392159702 0.28556392159702 0.28556392159702
0.28556392159702 0.28556392159702 0.28556392159702 0.28556392159702
0.278172529991308 0.278172529991308 0.278172529991308 0.278172529991308
0.281899565854677 0.281899565854677 0.281899565854677 0.281899565854677
0.275051524859157 0.275051524859157 0.275051524859157 0.275051524859157
0.279115226299666 0.279115226299666 0.279115226299666 0.279115226299666
0.266169448883892 0.266169448883892 0.266169448883892 0.266169448883892
0.229189672504443 0.229189672504443 0.229189672504443 0.229189672504443
0.285982667670705 0.285982667670705 0.285982667670705 0.285982667670705
0.300795783842886 0.300795783842886 0.300795783842886 0.300795783842886
0.300795783842886 0.300795783842886 0.300795783842886 0.300795783842886
0.254849912728558 0.254849912728558 0.254849912728558 0.254849912728558
0.307083596264566 0.307083596264566 0.307083596264566 0.307083596264566
0.247320381680072 0.247320381680072 0.247320381680072 0.247320381680072
0.303340822710141 0.303340822710141 0.303340822710141 0.303340822710141
0.274512306862701 0.274512306862701 0.274512306862701 0.274512306862701
0.252824996413085 0.252824996413085 0.252824996413085 0.252824996413085
0.268134754095158 0.268134754095158 0.268134754095158 0.268134754095158
0.272697049704232 0.272697049704232 0.272697049704232 0.272697049704232
0.24948126063814 0.24948126063814 0.24948126063814 0.24948126063814
0.237826195919146 0.237826195919146 0.237826195919146 0.237826195919146
0.241703238586189 0.241703238586189 0.241703238586189 0.241703238586189
0.282148106913 0.282148106913 0.282148106913 0.282148106913
0.257352518229251 0.257352518229251 0.257352518229251 0.257352518229251
0.279178993210256 0.279178993210256 0.279178993210256 0.279178993210256
0.288476105834225 0.288476105834225 0.288476105834225 0.288476105834225
0.250485648431248 0.250485648431248 0.250485648431248 0.250485648431248
0.261215451217694 0.261215451217694 0.261215451217694 0.261215451217694
0.258313206071766 0.258313206071766 0.258313206071766 0.258313206071766
0.232850558059852 0.232850558059852 0.232850558059852 0.232850558059852
0.243638563165551 0.243638563165551 0.243638563165551 0.243638563165551
0.259477467458937 0.259477467458937 0.259477467458937 0.259477467458937
0.295856208948639 0.295856208948639 0.295856208948639 0.295856208948639
0.266058970456983 0.266058970456983 0.266058970456983 0.266058970456983
0.300848401740859 0.300848401740859 0.300848401740859 0.300848401740859
0.249848282145911 0.249848282145911 0.249848282145911 0.249848282145911
0.291379048325646 0.291379048325646 0.291379048325646 0.291379048325646
0.280033695086874 0.280033695086874 0.280033695086874 0.280033695086874
0.26827472529312 0.26827472529312 0.26827472529312 0.26827472529312
0.26229585042139 0.26229585042139 0.26229585042139 0.26229585042139
0.258711041164354 0.258711041164354 0.258711041164354 0.258711041164354
0.270277956809719 0.270277956809719 0.270277956809719 0.270277956809719
0.270277956809719 0.270277956809719 0.270277956809719 0.270277956809719
0.242548739967879 0.242548739967879 0.242548739967879 0.242548739967879
0.272272337831073 0.272272337831073 0.272272337831073 0.272272337831073
0.253618156333022 0.253618156333022 0.253618156333022 0.253618156333022
0.253618156333022 0.253618156333022 0.253618156333022 0.253618156333022
0.238478550442501 0.238478550442501 0.238478550442501 0.238478550442501
0.27652448480063 0.27652448480063 0.27652448480063 0.27652448480063
0.266454894090347 0.266454894090347 0.266454894090347 0.266454894090347
0.267817395506498 0.267817395506498 0.267817395506498 0.267817395506498
0.261231965632181 0.261231965632181 0.261231965632181 0.261231965632181
0.244135841356189 0.244135841356189 0.244135841356189 0.244135841356189
0.268463100843567 0.268463100843567 0.268463100843567 0.268463100843567
0.249847955198676 0.249847955198676 0.249847955198676 0.249847955198676
0.262326983432302 0.262326983432302 0.262326983432302 0.262326983432302
0.290930497145882 0.290930497145882 0.290930497145882 0.290930497145882
0.280758388047975 0.280758388047975 0.280758388047975 0.280758388047975
0.249700194618639 0.249700194618639 0.249700194618639 0.249700194618639
0.241431182661069 0.241431182661069 0.241431182661069 0.241431182661069
0.252807156696541 0.252807156696541 0.252807156696541 0.252807156696541
0.266171464104635 0.266171464104635 0.266171464104635 0.266171464104635
0.256649559705821 0.256649559705821 0.256649559705821 0.256649559705821
0.261027982739756 0.261027982739756 0.261027982739756 0.261027982739756
0.268615997109837 0.268615997109837 0.268615997109837 0.268615997109837
0.253130423721296 0.253130423721296 0.253130423721296 0.253130423721296
0.250617715507672 0.250617715507672 0.250617715507672 0.250617715507672
0.255829804544505 0.255829804544505 0.255829804544505 0.255829804544505
0.289638195928893 0.289638195928893 0.289638195928893 0.289638195928893
0.253372438451068 0.253372438451068 0.253372438451068 0.253372438451068
0.29774873666139 0.29774873666139 0.29774873666139 0.29774873666139
0.287875494459164 0.287875494459164 0.287875494459164 0.287875494459164
0.254105203510946 0.254105203510946 0.254105203510946 0.254105203510946
0.254105203510946 0.254105203510946 0.254105203510946 0.254105203510946
0.226298590799269 0.226298590799269 0.226298590799269 0.226298590799269
0.235938346193792 0.235938346193792 0.235938346193792 0.235938346193792
0.258695457480264 0.258695457480264 0.258695457480264 0.258695457480264
0.29354526049017 0.29354526049017 0.29354526049017 0.29354526049017
0.262096526375763 0.262096526375763 0.262096526375763 0.262096526375763
0.284370713984121 0.284370713984121 0.284370713984121 0.284370713984121
0.262274431562757 0.262274431562757 0.262274431562757 0.262274431562757
0.258474593345947 0.258474593345947 0.258474593345947 0.258474593345947
0.25582620973117 0.25582620973117 0.25582620973117 0.25582620973117
0.287261572456378 0.287261572456378 0.287261572456378 0.287261572456378
0.267351771327341 0.267351771327341 0.267351771327341 0.267351771327341
0.276408230835965 0.276408230835965 0.276408230835965 0.276408230835965
0.276408230835965 0.276408230835965 0.276408230835965 0.276408230835965
0.263218442139376 0.263218442139376 0.263218442139376 0.263218442139376
0.263218442139376 0.263218442139376 0.263218442139376 0.263218442139376
0.263218442139376 0.263218442139376 0.263218442139376 0.263218442139376
0.277554875358693 0.277554875358693 0.277554875358693 0.277554875358693
0.279738714683739 0.279738714683739 0.279738714683739 0.279738714683739
0.273647473195269 0.273647473195269 0.273647473195269 0.273647473195269
0.262815525812623 0.262815525812623 0.262815525812623 0.262815525812623
0.262815525812623 0.262815525812623 0.262815525812623 0.262815525812623
0.261995157044436 0.261995157044436 0.261995157044436 0.261995157044436
0.312797318511127 0.312797318511127 0.312797318511127 0.312797318511127
0.277245817248982 0.277245817248982 0.277245817248982 0.277245817248982
0.263579628186483 0.263579628186483 0.263579628186483 0.263579628186483
0.275776969914031 0.275776969914031 0.275776969914031 0.275776969914031
0.26079510830574 0.26079510830574 0.26079510830574 0.26079510830574
0.313562788610552 0.313562788610552 0.313562788610552 0.313562788610552
0.250237210290808 0.250237210290808 0.250237210290808 0.250237210290808
0.251762930917561 0.251762930917561 0.251762930917561 0.251762930917561
0.278451059846541 0.278451059846541 0.278451059846541 0.278451059846541
0.303076978474809 0.303076978474809 0.303076978474809 0.303076978474809
0.284498698838944 0.284498698838944 0.284498698838944 0.284498698838944
0.306885313253206 0.306885313253206 0.306885313253206 0.306885313253206
0.280959152678238 0.280959152678238 0.280959152678238 0.280959152678238
0.266940166606162 0.266940166606162 0.266940166606162 0.266940166606162
0.247066397550942 0.247066397550942 0.247066397550942 0.247066397550942
0.272594175014371 0.272594175014371 0.272594175014371 0.272594175014371
0.257463826868076 0.257463826868076 0.257463826868076 0.257463826868076
0.240731022862648 0.240731022862648 0.240731022862648 0.240731022862648
0.232797733220685 0.232797733220685 0.232797733220685 0.232797733220685
0.276487249845966 0.276487249845966 0.276487249845966 0.276487249845966
0.245639023587291 0.245639023587291 0.245639023587291 0.245639023587291
0.244415172442216 0.244415172442216 0.244415172442216 0.244415172442216
0.29250301343506 0.29250301343506 0.29250301343506 0.29250301343506
0.283397315419045 0.283397315419045 0.283397315419045 0.283397315419045
0.229761863519135 0.229761863519135 0.229761863519135 0.229761863519135
0.219779627935883 0.219779627935883 0.219779627935883 0.219779627935883
0.257146106232803 0.257146106232803 0.257146106232803 0.257146106232803
0.299491786084559 0.299491786084559 0.299491786084559 0.299491786084559
0.262341659442705 0.262341659442705 0.262341659442705 0.262341659442705
0.262341659442705 0.262341659442705 0.262341659442705 0.262341659442705
0.262341659442705 0.262341659442705 0.262341659442705 0.262341659442705
0.251229049607648 0.251229049607648 0.251229049607648 0.251229049607648
0.251896080186904 0.251896080186904 0.251896080186904 0.251896080186904
0.24543951883614 0.24543951883614 0.24543951883614 0.24543951883614
0.273423753767441 0.273423753767441 0.273423753767441 0.273423753767441
0.254926059087221 0.254926059087221 0.254926059087221 0.254926059087221
0.254926059087221 0.254926059087221 0.254926059087221 0.254926059087221
0.25736992985013 0.25736992985013 0.25736992985013 0.25736992985013
0.269766103566446 0.269766103566446 0.269766103566446 0.269766103566446
0.269766103566446 0.269766103566446 0.269766103566446 0.269766103566446
0.269766103566446 0.269766103566446 0.269766103566446 0.269766103566446
0.273986654796264 0.273986654796264 0.273986654796264 0.273986654796264
0.264388244493734 0.264388244493734 0.264388244493734 0.264388244493734
0.270350330885141 0.270350330885141 0.270350330885141 0.270350330885141
0.273214276146631 0.273214276146631 0.273214276146631 0.273214276146631
0.272991352711391 0.272991352711391 0.272991352711391 0.272991352711391
0.243575313922929 0.243575313922929 0.243575313922929 0.243575313922929
0.250022424288895 0.250022424288895 0.250022424288895 0.250022424288895
0.272614147274923 0.272614147274923 0.272614147274923 0.272614147274923
0.278992858070951 0.278992858070951 0.278992858070951 0.278992858070951
0.302373488048286 0.302373488048286 0.302373488048286 0.302373488048286
0.249255641729646 0.249255641729646 0.249255641729646 0.249255641729646
0.264748883119566 0.264748883119566 0.264748883119566 0.264748883119566
0.276325716511691 0.276325716511691 0.276325716511691 0.276325716511691
0.26997580358634 0.26997580358634 0.26997580358634 0.26997580358634
0.278214827287107 0.278214827287107 0.278214827287107 0.278214827287107
0.275378505645673 0.275378505645673 0.275378505645673 0.275378505645673
0.326724242579311 0.326724242579311 0.326724242579311 0.326724242579311
0.282263436763333 0.282263436763333 0.282263436763333 0.282263436763333
0.29256755870469 0.29256755870469 0.29256755870469 0.29256755870469
0.29256755870469 0.29256755870469 0.29256755870469 0.29256755870469
0.285444668287776 0.285444668287776 0.285444668287776 0.285444668287776
0.297881451505469 0.297881451505469 0.297881451505469 0.297881451505469
0.267189206186718 0.267189206186718 0.267189206186718 0.267189206186718
