35496.5850916605 35496.5850916605 35496.5850916605 35496.5850916605
35830.1201804506 35830.1201804506 35830.1201804506 35830.1201804506
35935.2454711796 35935.2454711796 35935.2454711796 35935.2454711796
36466.45349036 36466.45349036 36466.45349036 36466.45349036
36807.928664183 36807.928664183 36807.928664183 36807.928664183
36665.8749652807 36665.8749652807 36665.8749652807 36665.8749652807
37256.2815830537 37256.2815830537 37256.2815830537 37256.2815830537
37824.8463246582 37824.8463246582 37824.8463246582 37824.8463246582
38165.0359703416 38165.0359703416 38165.0359703416 38165.0359703416
38086.6678181394 38086.6678181394 38086.6678181394 38086.6678181394
37727.3924873998 37727.3924873998 37727.3924873998 37727.3924873998
38490.6751382903 38490.6751382903 38490.6751382903 38490.6751382903
38957.7548132059 38957.7548132059 38957.7548132059 38957.7548132059
38816.6587551535 38816.6587551535 38816.6587551535 38816.6587551535
38421.8848380017 38421.8848380017 38421.8848380017 38421.8848380017
37503.0795650049 37503.0795650049 37503.0795650049 37503.0795650049
37271.9995562918 37271.9995562918 37271.9995562918 37271.9995562918
36363.2317982205 36363.2317982205 36363.2317982205 36363.2317982205
36094.7818381207 36094.7818381207 36094.7818381207 36094.7818381207
35285.0277147267 35285.0277147267 35285.0277147267 35285.0277147267
35187.357479919 35187.357479919 35187.357479919 35187.357479919
35548.5028466998 35548.5028466998 35548.5028466998 35548.5028466998
35373.9302954721 35373.9302954721 35373.9302954721 35373.9302954721
36280.7737457355 36280.7737457355 36280.7737457355 36280.7737457355
36171.3372935323 36171.3372935323 36171.3372935323 36171.3372935323
36894.651236537 36894.651236537 36894.651236537 36894.651236537
37303.9461698032 37303.9461698032 37303.9461698032 37303.9461698032
37790.0952986591 37790.0952986591 37790.0952986591 37790.0952986591
38281.5347127885 38281.5347127885 38281.5347127885 38281.5347127885
37375.6108419354 37375.6108419354 37375.6108419354 37375.6108419354
37880.1150754437 37880.1150754437 37880.1150754437 37880.1150754437
36808.2240797052 36808.2240797052 36808.2240797052 36808.2240797052
38172.2711040708 38172.2711040708 38172.2711040708 38172.2711040708
38156.3765485063 38156.3765485063 38156.3765485063 38156.3765485063
37595.1123289376 37595.1123289376 37595.1123289376 37595.1123289376
38254.1389604945 38254.1389604945 38254.1389604945 38254.1389604945
37948.4957716098 37948.4957716098 37948.4957716098 37948.4957716098
37430.0977659283 37430.0977659283 37430.0977659283 37430.0977659283
36401.9029899996 36401.9029899996 36401.9029899996 36401.9029899996
35332.284990302 35332.284990302 35332.284990302 35332.284990302
34659.7284373037 34659.7284373037 34659.7284373037 34659.7284373037
33629.4582327703 33629.4582327703 33629.4582327703 33629.4582327703
34412.0897952042 34412.0897952042 34412.0897952042 34412.0897952042
34845.6090070188 34845.6090070188 34845.6090070188 34845.6090070188
35100.1625351362 35100.1625351362 35100.1625351362 35100.1625351362
35673.1159003908 35673.1159003908 35673.1159003908 35673.1159003908
35949.8370644848 35949.8370644848 35949.8370644848 35949.8370644848
35680.721761979 35680.721761979 35680.721761979 35680.721761979
34633.8211126211 34633.8211126211 34633.8211126211 34633.8211126211
35365.8395153576 35365.8395153576 35365.8395153576 35365.8395153576
35361.7450327497 35361.7450327497 35361.7450327497 35361.7450327497
36036.6427448393 36036.6427448393 36036.6427448393 36036.6427448393
35829.2348273137 35829.2348273137 35829.2348273137 35829.2348273137
36224.9730399059 36224.9730399059 36224.9730399059 36224.9730399059
35195.7935111963 35195.7935111963 35195.7935111963 35195.7935111963
34610.1188270641 34610.1188270641 34610.1188270641 34610.1188270641
34283.1702054512 34283.1702054512 34283.1702054512 34283.1702054512
34335.3481608297 34335.3481608297 34335.3481608297 34335.3481608297
33557.647664389 33557.647664389 33557.647664389 33557.647664389
33641.8150748924 33641.8150748924 33641.8150748924 33641.8150748924
34133.8456143541 34133.8456143541 34133.8456143541 34133.8456143541
33850.4528485486 33850.4528485486 33850.4528485486 33850.4528485486
32813.2055959242 32813.2055959242 32813.2055959242 32813.2055959242
32477.6641793381 32477.6641793381 32477.6641793381 32477.6641793381
32406.0348220412 32406.0348220412 32406.0348220412 32406.0348220412
32253.2440559712 32253.2440559712 32253.2440559712 32253.2440559712
31815.527604471 31815.527604471 31815.527604471 31815.527604471
32082.2557407979 32082.2557407979 32082.2557407979 32082.2557407979
31234.5006861317 31234.5006861317 31234.5006861317 31234.5006861317
31220.0574951068 31220.0574951068 31220.0574951068 31220.0574951068
31546.6285566655 31546.6285566655 31546.6285566655 31546.6285566655
31819.7324580658 31819.7324580658 31819.7324580658 31819.7324580658
31805.8278010719 31805.8278010719 31805.8278010719 31805.8278010719
32335.7676913779 32335.7676913779 32335.7676913779 32335.7676913779
31974.8798659499 31974.8798659499 31974.8798659499 31974.8798659499
30309.1118677038 30309.1118677038 30309.1118677038 30309.1118677038
29630.0352491299 29630.0352491299 29630.0352491299 29630.0352491299
29106.8309874789 29106.8309874789 29106.8309874789 29106.8309874789
28564.8071841842 28564.8071841842 28564.8071841842 28564.8071841842
28669.1956733708 28669.1956733708 28669.1956733708 28669.1956733708
28869.3762513444 28869.3762513444 28869.3762513444 28869.3762513444
29206.0222286734 29206.0222286734 29206.0222286734 29206.0222286734
30285.1684336836 30285.1684336836 30285.1684336836 30285.1684336836
30427.4498833152 30427.4498833152 30427.4498833152 30427.4498833152
29982.8521602081 29982.8521602081 29982.8521602081 29982.8521602081
30094.6090292074 30094.6090292074 30094.6090292074 30094.6090292074
30676.5668304539 30676.5668304539 30676.5668304539 30676.5668304539
31229.1397276498 31229.1397276498 31229.1397276498 31229.1397276498
33541.3249271886 33541.3249271886 33541.3249271886 33541.3249271886
34126.7970231557 34126.7970231557 34126.7970231557 34126.7970231557
33465.4027500065 33465.4027500065 33465.4027500065 33465.4027500065
34478.6075510796 34478.6075510796 34478.6075510796 34478.6075510796
33756.2057255858 33756.2057255858 33756.2057255858 33756.2057255858
33398.5366823374 33398.5366823374 33398.5366823374 33398.5366823374
33208.5646160651 33208.5646160651 33208.5646160651 33208.5646160651
33146.8156406318 33146.8156406318 33146.8156406318 33146.8156406318
32297.273995202 32297.273995202 32297.273995202 32297.273995202
32839.5403815163 32839.5403815163 32839.5403815163 32839.5403815163
32832.9943718974 32832.9943718974 32832.9943718974 32832.9943718974
33817.2430102069 33817.2430102069 33817.2430102069 33817.2430102069
34708.2272678877 34708.2272678877 34708.2272678877 34708.2272678877
34883.6460363099 34883.6460363099 34883.6460363099 34883.6460363099
35020.3898041147 35020.3898041147 35020.3898041147 35020.3898041147
35072.1362845652 35072.1362845652 35072.1362845652 35072.1362845652
35127.8230570363 35127.8230570363 35127.8230570363 35127.8230570363
35084.1314066059 35084.1314066059 35084.1314066059 35084.1314066059
35644.8766999964 35644.8766999964 35644.8766999964 35644.8766999964
36576.1449672706 36576.1449672706 36576.1449672706 36576.1449672706
36684.5112042666 36684.5112042666 36684.5112042666 36684.5112042666
36484.0649998583 36484.0649998583 36484.0649998583 36484.0649998583
36134.1174625857 36134.1174625857 36134.1174625857 36134.1174625857
37444.036194624 37444.036194624 37444.036194624 37444.036194624
36783.8462485157 36783.8462485157 36783.8462485157 36783.8462485157
36988.4764530324 36988.4764530324 36988.4764530324 36988.4764530324
36861.4868901504 36861.4868901504 36861.4868901504 36861.4868901504
36951.3565791474 36951.3565791474 36951.3565791474 36951.3565791474
36401.2262242566 36401.2262242566 36401.2262242566 36401.2262242566
35724.2492461608 35724.2492461608 35724.2492461608 35724.2492461608
35680.7463627943 35680.7463627943 35680.7463627943 35680.7463627943
35544.1240507445 35544.1240507445 35544.1240507445 35544.1240507445
35907.413546685 35907.413546685 35907.413546685 35907.413546685
37391.147670727 37391.147670727 37391.147670727 37391.147670727
36971.6503949777 36971.6503949777 36971.6503949777 36971.6503949777
37092.8846680639 37092.8846680639 37092.8846680639 37092.8846680639
36733.0805177216 36733.0805177216 36733.0805177216 36733.0805177216
35844.9528810189 35844.9528810189 35844.9528810189 35844.9528810189
35484.8062954108 35484.8062954108 35484.8062954108 35484.8062954108
36571.0216448266 36571.0216448266 36571.0216448266 36571.0216448266
35734.5567669932 35734.5567669932 35734.5567669932 35734.5567669932
35532.6889280233 35532.6889280233 35532.6889280233 35532.6889280233
34591.4324596647 34591.4324596647 34591.4324596647 34591.4324596647
34141.8450162745 34141.8450162745 34141.8450162745 34141.8450162745
33891.271129729 33891.271129729 33891.271129729 33891.271129729
34232.1874049837 34232.1874049837 34232.1874049837 34232.1874049837
33976.497783612 33976.497783612 33976.497783612 33976.497783612
32936.9414428032 32936.9414428032 32936.9414428032 32936.9414428032
32878.2401885969 32878.2401885969 32878.2401885969 32878.2401885969
32448.7100093947 32448.7100093947 32448.7100093947 32448.7100093947
32751.2563094165 32751.2563094165 32751.2563094165 32751.2563094165
33456.6722831834 33456.6722831834 33456.6722831834 33456.6722831834
33081.2592240667 33081.2592240667 33081.2592240667 33081.2592240667
33494.1539219245 33494.1539219245 33494.1539219245 33494.1539219245
33184.1502890842 33184.1502890842 33184.1502890842 33184.1502890842
32776.7807286732 32776.7807286732 32776.7807286732 32776.7807286732
32655.0819007257 32655.0819007257 32655.0819007257 32655.0819007257
32167.9137794086 32167.9137794086 32167.9137794086 32167.9137794086
31032.4865385542 31032.4865385542 31032.4865385542 31032.4865385542
31624.7307461802 31624.7307461802 31624.7307461802 31624.7307461802
31046.6329248213 31046.6329248213 31046.6329248213 31046.6329248213
32070.2070444697 32070.2070444697 32070.2070444697 32070.2070444697
33030.3533627075 33030.3533627075 33030.3533627075 33030.3533627075
32898.439294719 32898.439294719 32898.439294719 32898.439294719
34073.7258371895 34073.7258371895 34073.7258371895 34073.7258371895
33706.6115312922 33706.6115312922 33706.6115312922 33706.6115312922
33511.2060418779 33511.2060418779 33511.2060418779 33511.2060418779
33867.2411159484 33867.2411159484 33867.2411159484 33867.2411159484
35356.5558920768 35356.5558920768 35356.5558920768 35356.5558920768
36550.9119522541 36550.9119522541 36550.9119522541 36550.9119522541
36503.5336030939 36503.5336030939 36503.5336030939 36503.5336030939
37173.4374196541 37173.4374196541 37173.4374196541 37173.4374196541
37531.9291726343 37531.9291726343 37531.9291726343 37531.9291726343
36876.7800168749 36876.7800168749 36876.7800168749 36876.7800168749
37705.8110582935 37705.8110582935 37705.8110582935 37705.8110582935
36727.1083803425 36727.1083803425 36727.1083803425 36727.1083803425
36131.4442160228 36131.4442160228 36131.4442160228 36131.4442160228
36528.7433969521 36528.7433969521 36528.7433969521 36528.7433969521
36484.4487291493 36484.4487291493 36484.4487291493 36484.4487291493
35401.927817274 35401.927817274 35401.927817274 35401.927817274
35268.134440953 35268.134440953 35268.134440953 35268.134440953
35295.2993056319 35295.2993056319 35295.2993056319 35295.2993056319
36297.2109130993 36297.2109130993 36297.2109130993 36297.2109130993
36621.7347582158 36621.7347582158 36621.7347582158 36621.7347582158
35642.1659140897 35642.1659140897 35642.1659140897 35642.1659140897
35131.6609827351 35131.6609827351 35131.6609827351 35131.6609827351
34972.7199419405 34972.7199419405 34972.7199419405 34972.7199419405
34329.9313186767 34329.9313186767 34329.9313186767 34329.9313186767
33629.6728311763 33629.6728311763 33629.6728311763 33629.6728311763
34193.4393082226 34193.4393082226 34193.4393082226 34193.4393082226
34332.8058405188 34332.8058405188 34332.8058405188 34332.8058405188
33533.0747002615 33533.0747002615 33533.0747002615 33533.0747002615
33681.4160549526 33681.4160549526 33681.4160549526 33681.4160549526
34635.5267656603 34635.5267656603 34635.5267656603 34635.5267656603
34895.9881826098 34895.9881826098 34895.9881826098 34895.9881826098
34166.1765157989 34166.1765157989 34166.1765157989 34166.1765157989
34274.9728654221 34274.9728654221 34274.9728654221 34274.9728654221
34122.193683396 34122.193683396 34122.193683396 34122.193683396
33128.4726218716 33128.4726218716 33128.4726218716 33128.4726218716
34032.042918117 34032.042918117 34032.042918117 34032.042918117
34036.282326553 34036.282326553 34036.282326553 34036.282326553
34218.1593914211 34218.1593914211 34218.1593914211 34218.1593914211
34141.730940365 34141.730940365 34141.730940365 34141.730940365
35010.0510832133 35010.0510832133 35010.0510832133 35010.0510832133
35720.0820501619 35720.0820501619 35720.0820501619 35720.0820501619
35161.338349275 35161.338349275 35161.338349275 35161.338349275
35371.9218692231 35371.9218692231 35371.9218692231 35371.9218692231
35196.7825032976 35196.7825032976 35196.7825032976 35196.7825032976
34568.4358893315 34568.4358893315 34568.4358893315 34568.4358893315
35105.074580417 35105.074580417 35105.074580417 35105.074580417
35262.4785306582 35262.4785306582 35262.4785306582 35262.4785306582
35101.9235705946 35101.9235705946 35101.9235705946 35101.9235705946
34818.1073314958 34818.1073314958 34818.1073314958 34818.1073314958
34230.8112735629 34230.8112735629 34230.8112735629 34230.8112735629
33834.430990336 33834.430990336 33834.430990336 33834.430990336
33929.4336026727 33929.4336026727 33929.4336026727 33929.4336026727
34472.8775330634 34472.8775330634 34472.8775330634 34472.8775330634
33478.4231632763 33478.4231632763 33478.4231632763 33478.4231632763
34813.2618651432 34813.2618651432 34813.2618651432 34813.2618651432
34767.6105505923 34767.6105505923 34767.6105505923 34767.6105505923
34950.5452463051 34950.5452463051 34950.5452463051 34950.5452463051
35788.9326051929 35788.9326051929 35788.9326051929 35788.9326051929
34954.5806979221 34954.5806979221 34954.5806979221 34954.5806979221
35607.0452322459 35607.0452322459 35607.0452322459 35607.0452322459
34318.4348259217 34318.4348259217 34318.4348259217 34318.4348259217
34117.4995821824 34117.4995821824 34117.4995821824 34117.4995821824
33871.4412498778 33871.4412498778 33871.4412498778 33871.4412498778
34412.5531296733 34412.5531296733 34412.5531296733 34412.5531296733
34828.9612173882 34828.9612173882 34828.9612173882 34828.9612173882
33556.3309118557 33556.3309118557 33556.3309118557 33556.3309118557
34899.1855708898 34899.1855708898 34899.1855708898 34899.1855708898
34203.5568763307 34203.5568763307 34203.5568763307 34203.5568763307
34838.0148267265 34838.0148267265 34838.0148267265 34838.0148267265
33258.7377810725 33258.7377810725 33258.7377810725 33258.7377810725
32897.4517228021 32897.4517228021 32897.4517228021 32897.4517228021
33717.7354904682 33717.7354904682 33717.7354904682 33717.7354904682
33877.9136216528 33877.9136216528 33877.9136216528 33877.9136216528
34482.6388965463 34482.6388965463 34482.6388965463 34482.6388965463
34351.5548776032 34351.5548776032 34351.5548776032 34351.5548776032
35185.3689275272 35185.3689275272 35185.3689275272 35185.3689275272
35023.9935825959 35023.9935825959 35023.9935825959 35023.9935825959
33960.9937107293 33960.9937107293 33960.9937107293 33960.9937107293
34113.8769923654 34113.8769923654 34113.8769923654 34113.8769923654
33601.7626548662 33601.7626548662 33601.7626548662 33601.7626548662
33519.4847049663 33519.4847049663 33519.4847049663 33519.4847049663
34226.8537753009 34226.8537753009 34226.8537753009 34226.8537753009
33045.2311648861 33045.2311648861 33045.2311648861 33045.2311648861
33305.7015794012 33305.7015794012 33305.7015794012 33305.7015794012
33653.6586732637 33653.6586732637 33653.6586732637 33653.6586732637
34257.0120779331 34257.0120779331 34257.0120779331 34257.0120779331
33615.2280959909 33615.2280959909 33615.2280959909 33615.2280959909
33617.6143435754 33617.6143435754 33617.6143435754 33617.6143435754
32541.4663836409 32541.4663836409 32541.4663836409 32541.4663836409
31529.0618497329 31529.0618497329 31529.0618497329 31529.0618497329
32139.8518617165 32139.8518617165 32139.8518617165 32139.8518617165
32059.3303974332 32059.3303974332 32059.3303974332 32059.3303974332
32376.1334187491 32376.1334187491 32376.1334187491 32376.1334187491
32377.36164372 32377.36164372 32377.36164372 32377.36164372
32027.0613697033 32027.0613697033 32027.0613697033 32027.0613697033
31784.1686231225 31784.1686231225 31784.1686231225 31784.1686231225
31718.9376359332 31718.9376359332 31718.9376359332 31718.9376359332
31008.6164412517 31008.6164412517 31008.6164412517 31008.6164412517
30756.2351364128 30756.2351364128 30756.2351364128 30756.2351364128
29977.2243576185 29977.2243576185 29977.2243576185 29977.2243576185
30480.0828648299 30480.0828648299 30480.0828648299 30480.0828648299
30933.6748958518 30933.6748958518 30933.6748958518 30933.6748958518
30247.0457074179 30247.0457074179 30247.0457074179 30247.0457074179
30677.340375421 30677.340375421 30677.340375421 30677.340375421
29782.9505419018 29782.9505419018 29782.9505419018 29782.9505419018
30860.9382282267 30860.9382282267 30860.9382282267 30860.9382282267
31385.3104112222 31385.3104112222 31385.3104112222 31385.3104112222
30708.7751275235 30708.7751275235 30708.7751275235 30708.7751275235
30208.6659893178 30208.6659893178 30208.6659893178 30208.6659893178
29502.9575353295 29502.9575353295 29502.9575353295 29502.9575353295
30553.6142076663 30553.6142076663 30553.6142076663 30553.6142076663
30875.1303472386 30875.1303472386 30875.1303472386 30875.1303472386
30910.4925504311 30910.4925504311 30910.4925504311 30910.4925504311
31609.99602544 31609.99602544 31609.99602544 31609.99602544
31085.5295808912 31085.5295808912 31085.5295808912 31085.5295808912
31924.6958742006 31924.6958742006 31924.6958742006 31924.6958742006
32208.6944766937 32208.6944766937 32208.6944766937 32208.6944766937
32342.2089032572 32342.2089032572 32342.2089032572 32342.2089032572
32169.1110354449 32169.1110354449 32169.1110354449 32169.1110354449
33219.0547658405 33219.0547658405 33219.0547658405 33219.0547658405
32476.1944847595 32476.1944847595 32476.1944847595 32476.1944847595
31933.6373253252 31933.6373253252 31933.6373253252 31933.6373253252
32289.044877273 32289.044877273 32289.044877273 32289.044877273
31837.6889169796 31837.6889169796 31837.6889169796 31837.6889169796
32717.3557255023 32717.3557255023 32717.3557255023 32717.3557255023
32652.6554352882 32652.6554352882 32652.6554352882 32652.6554352882
31666.8660674558 31666.8660674558 31666.8660674558 31666.8660674558
30843.260243079 30843.260243079 30843.260243079 30843.260243079
30050.3432789566 30050.3432789566 30050.3432789566 30050.3432789566
29837.286961686 29837.286961686 29837.286961686 29837.286961686
29505.1795839657 29505.1795839657 29505.1795839657 29505.1795839657
30298.3988676726 30298.3988676726 30298.3988676726 30298.3988676726
30778.9877894289 30778.9877894289 30778.9877894289 30778.9877894289
31793.4619562362 31793.4619562362 31793.4619562362 31793.4619562362
31930.6559960218 31930.6559960218 31930.6559960218 31930.6559960218
32464.1640004206 32464.1640004206 32464.1640004206 32464.1640004206
32296.4315861015 32296.4315861015 32296.4315861015 32296.4315861015
32155.7080768813 32155.7080768813 32155.7080768813 32155.7080768813
33129.47391885 33129.47391885 33129.47391885 33129.47391885
33886.0443329405 33886.0443329405 33886.0443329405 33886.0443329405
33812.8226018265 33812.8226018265 33812.8226018265 33812.8226018265
33086.2605366259 33086.2605366259 33086.2605366259 33086.2605366259
32965.6723418867 32965.6723418867 32965.6723418867 32965.6723418867
31412.25074699 31412.25074699 31412.25074699 31412.25074699
31377.5030478102 31377.5030478102 31377.5030478102 31377.5030478102
31071.394617532 31071.394617532 31071.394617532 31071.394617532
31068.9376295888 31068.9376295888 31068.9376295888 31068.9376295888
31488.3205352599 31488.3205352599 31488.3205352599 31488.3205352599
31868.3955566331 31868.3955566331 31868.3955566331 31868.3955566331
30950.0429757879 30950.0429757879 30950.0429757879 30950.0429757879
31037.1612654262 31037.1612654262 31037.1612654262 31037.1612654262
31337.4232117112 31337.4232117112 31337.4232117112 31337.4232117112
32033.3939456233 32033.3939456233 32033.3939456233 32033.3939456233
32216.4976348601 32216.4976348601 32216.4976348601 32216.4976348601
33086.7553395221 33086.7553395221 33086.7553395221 33086.7553395221
32397.8863710793 32397.8863710793 32397.8863710793 32397.8863710793
32544.2809519593 32544.2809519593 32544.2809519593 32544.2809519593
32269.8654790862 32269.8654790862 32269.8654790862 32269.8654790862
31310.5874790284 31310.5874790284 31310.5874790284 31310.5874790284
31850.1298872214 31850.1298872214 31850.1298872214 31850.1298872214
32644.6236859638 32644.6236859638 32644.6236859638 32644.6236859638
31958.8127391318 31958.8127391318 31958.8127391318 31958.8127391318
31112.703946674 31112.703946674 31112.703946674 31112.703946674
31711.0271095004 31711.0271095004 31711.0271095004 31711.0271095004
32184.9155518787 32184.9155518787 32184.9155518787 32184.9155518787
31372.9545143375 31372.9545143375 31372.9545143375 31372.9545143375
31023.0829287912 31023.0829287912 31023.0829287912 31023.0829287912
31878.9685790318 31878.9685790318 31878.9685790318 31878.9685790318
31612.2234980732 31612.2234980732 31612.2234980732 31612.2234980732
32440.8055067472 32440.8055067472 32440.8055067472 32440.8055067472
31780.3383041213 31780.3383041213 31780.3383041213 31780.3383041213
31979.1712306338 31979.1712306338 31979.1712306338 31979.1712306338
32535.0896770618 32535.0896770618 32535.0896770618 32535.0896770618
33152.3464179506 33152.3464179506 33152.3464179506 33152.3464179506
32658.827850428 32658.827850428 32658.827850428 32658.827850428
33156.306647541 33156.306647541 33156.306647541 33156.306647541
33351.1679001918 33351.1679001918 33351.1679001918 33351.1679001918
32709.6072264559 32709.6072264559 32709.6072264559 32709.6072264559
32727.5464349725 32727.5464349725 32727.5464349725 32727.5464349725
33189.4885592815 33189.4885592815 33189.4885592815 33189.4885592815
33435.5412479542 33435.5412479542 33435.5412479542 33435.5412479542
33468.877630439 33468.877630439 33468.877630439 33468.877630439
31966.435090357 31966.435090357 31966.435090357 31966.435090357
32541.53972781 32541.53972781 32541.53972781 32541.53972781
32391.8119994948 32391.8119994948 32391.8119994948 32391.8119994948
33155.1238593914 33155.1238593914 33155.1238593914 33155.1238593914
32355.4296439377 32355.4296439377 32355.4296439377 32355.4296439377
32638.7449000893 32638.7449000893 32638.7449000893 32638.7449000893
32589.9266091437 32589.9266091437 32589.9266091437 32589.9266091437
31989.1716552099 31989.1716552099 31989.1716552099 31989.1716552099
31334.4780073331 31334.4780073331 31334.4780073331 31334.4780073331
30916.4976123333 30916.4976123333 30916.4976123333 30916.4976123333
31541.4698197473 31541.4698197473 31541.4698197473 31541.4698197473
31357.2941157578 31357.2941157578 31357.2941157578 31357.2941157578
30398.6444789804 30398.6444789804 30398.6444789804 30398.6444789804
29780.2534641986 29780.2534641986 29780.2534641986 29780.2534641986
29607.8565232698 29607.8565232698 29607.8565232698 29607.8565232698
30498.5034391356 30498.5034391356 30498.5034391356 30498.5034391356
30277.1516428365 30277.1516428365 30277.1516428365 30277.1516428365
29373.6199417546 29373.6199417546 29373.6199417546 29373.6199417546
29543.4544766387 29543.4544766387 29543.4544766387 29543.4544766387
30212.8877445919 30212.8877445919 30212.8877445919 30212.8877445919
30077.3431679608 30077.3431679608 30077.3431679608 30077.3431679608
30068.6067724815 30068.6067724815 30068.6067724815 30068.6067724815
29855.8632523292 29855.8632523292 29855.8632523292 29855.8632523292
29428.5468773269 29428.5468773269 29428.5468773269 29428.5468773269
30327.8084536551 30327.8084536551 30327.8084536551 30327.8084536551
30162.7659872283 30162.7659872283 30162.7659872283 30162.7659872283
29482.3981174429 29482.3981174429 29482.3981174429 29482.3981174429
28833.8964169984 28833.8964169984 28833.8964169984 28833.8964169984
28522.0943642235 28522.0943642235 28522.0943642235 28522.0943642235
28621.4668687316 28621.4668687316 28621.4668687316 28621.4668687316
28467.6275383916 28467.6275383916 28467.6275383916 28467.6275383916
27357.0280378752 27357.0280378752 27357.0280378752 27357.0280378752
27416.6888905915 27416.6888905915 27416.6888905915 27416.6888905915
27666.6060763396 27666.6060763396 27666.6060763396 27666.6060763396
27615.2400282867 27615.2400282867 27615.2400282867 27615.2400282867
26245.5245808776 26245.5245808776 26245.5245808776 26245.5245808776
26769.6997048974 26769.6997048974 26769.6997048974 26769.6997048974
25828.9473378317 25828.9473378317 25828.9473378317 25828.9473378317
25558.6127467393 25558.6127467393 25558.6127467393 25558.6127467393
25754.0298347791 25754.0298347791 25754.0298347791 25754.0298347791
24676.8612914547 24676.8612914547 24676.8612914547 24676.8612914547
23896.5496597503 23896.5496597503 23896.5496597503 23896.5496597503
24506.3714477213 24506.3714477213 24506.3714477213 24506.3714477213
24257.6310677413 24257.6310677413 24257.6310677413 24257.6310677413
23886.0674738135 23886.0674738135 23886.0674738135 23886.0674738135
22144.3647482056 22144.3647482056 22144.3647482056 22144.3647482056
22204.8513662265 22204.8513662265 22204.8513662265 22204.8513662265
22770.578500066 22770.578500066 22770.578500066 22770.578500066
22505.0773615874 22505.0773615874 22505.0773615874 22505.0773615874
22311.520288298 22311.520288298 22311.520288298 22311.520288298
21770.6279976552 21770.6279976552 21770.6279976552 21770.6279976552
21641.0755088169 21641.0755088169 21641.0755088169 21641.0755088169
20774.3114453851 20774.3114453851 20774.3114453851 20774.3114453851
22102.347150241 22102.347150241 22102.347150241 22102.347150241
22652.4782461239 22652.4782461239 22652.4782461239 22652.4782461239
23301.790237357 23301.790237357 23301.790237357 23301.790237357
22164.6854239133 22164.6854239133 22164.6854239133 22164.6854239133
21313.6427562447 21313.6427562447 21313.6427562447 21313.6427562447
21712.1064269768 21712.1064269768 21712.1064269768 21712.1064269768
22585.933093084 22585.933093084 22585.933093084 22585.933093084
22320.9393469792 22320.9393469792 22320.9393469792 22320.9393469792
21911.5140543817 21911.5140543817 21911.5140543817 21911.5140543817
21910.5602211235 21910.5602211235 21910.5602211235 21910.5602211235
22259.9837340144 22259.9837340144 22259.9837340144 22259.9837340144
22120.4951921333 22120.4951921333 22120.4951921333 22120.4951921333
22790.5544928285 22790.5544928285 22790.5544928285 22790.5544928285
22593.1595968298 22593.1595968298 22593.1595968298 22593.1595968298
23511.9729916084 23511.9729916084 23511.9729916084 23511.9729916084
22424.6770519708 22424.6770519708 22424.6770519708 22424.6770519708
23185.0174482431 23185.0174482431 23185.0174482431 23185.0174482431
24211.4123589208 24211.4123589208 24211.4123589208 24211.4123589208
23332.9557175735 23332.9557175735 23332.9557175735 23332.9557175735
23124.0479387482 23124.0479387482 23124.0479387482 23124.0479387482
23126.9601782531 23126.9601782531 23126.9601782531 23126.9601782531
23493.2824986789 23493.2824986789 23493.2824986789 23493.2824986789
23154.664766971 23154.664766971 23154.664766971 23154.664766971
23265.6442374628 23265.6442374628 23265.6442374628 23265.6442374628
23048.9396116763 23048.9396116763 23048.9396116763 23048.9396116763
23322.3972848532 23322.3972848532 23322.3972848532 23322.3972848532
23935.8106547461 23935.8106547461 23935.8106547461 23935.8106547461
23548.451170319 23548.451170319 23548.451170319 23548.451170319
23502.8494258999 23502.8494258999 23502.8494258999 23502.8494258999
24815.1377736601 24815.1377736601 24815.1377736601 24815.1377736601
23834.2418691258 23834.2418691258 23834.2418691258 23834.2418691258
23619.9153910175 23619.9153910175 23619.9153910175 23619.9153910175
23374.8173108406 23374.8173108406 23374.8173108406 23374.8173108406
24537.9575545089 24537.9575545089 24537.9575545089 24537.9575545089
23772.001620381 23772.001620381 23772.001620381 23772.001620381
23289.4953630103 23289.4953630103 23289.4953630103 23289.4953630103
22169.1780818209 22169.1780818209 22169.1780818209 22169.1780818209
22501.2917317723 22501.2917317723 22501.2917317723 22501.2917317723
22221.7571418998 22221.7571418998 22221.7571418998 22221.7571418998
22470.9387242263 22470.9387242263 22470.9387242263 22470.9387242263
21789.5589654277 21789.5589654277 21789.5589654277 21789.5589654277
21742.2097937729 21742.2097937729 21742.2097937729 21742.2097937729
22535.9092804157 22535.9092804157 22535.9092804157 22535.9092804157
23942.2355161492 23942.2355161492 23942.2355161492 23942.2355161492
23633.1524221646 23633.1524221646 23633.1524221646 23633.1524221646
24065.611215061 24065.611215061 24065.611215061 24065.611215061
25080.7506196344 25080.7506196344 25080.7506196344 25080.7506196344
25104.8151848025 25104.8151848025 25104.8151848025 25104.8151848025
24893.5091345394 24893.5091345394 24893.5091345394 24893.5091345394
24926.4896694852 24926.4896694852 24926.4896694852 24926.4896694852
24235.8282908357 24235.8282908357 24235.8282908357 24235.8282908357
24109.5385891238 24109.5385891238 24109.5385891238 24109.5385891238
24443.44696554 24443.44696554 24443.44696554 24443.44696554
25085.0556385631 25085.0556385631 25085.0556385631 25085.0556385631
25541.1235529873 25541.1235529873 25541.1235529873 25541.1235529873
25862.6328830273 25862.6328830273 25862.6328830273 25862.6328830273
25915.4633261444 25915.4633261444 25915.4633261444 25915.4633261444
25526.4710620295 25526.4710620295 25526.4710620295 25526.4710620295
24287.9291142654 24287.9291142654 24287.9291142654 24287.9291142654
24599.1440417217 24599.1440417217 24599.1440417217 24599.1440417217
24585.4905603439 24585.4905603439 24585.4905603439 24585.4905603439
24204.2375710967 24204.2375710967 24204.2375710967 24204.2375710967
24418.2840162595 24418.2840162595 24418.2840162595 24418.2840162595
26051.8464245226 26051.8464245226 26051.8464245226 26051.8464245226
27860.865311215 27860.865311215 27860.865311215 27860.865311215
28848.796316626 28848.796316626 28848.796316626 28848.796316626
28044.8382681931 28044.8382681931 28044.8382681931 28044.8382681931
27654.7084087907 27654.7084087907 27654.7084087907 27654.7084087907
28725.2567771013 28725.2567771013 28725.2567771013 28725.2567771013
29472.0204877423 29472.0204877423 29472.0204877423 29472.0204877423
30487.0100632018 30487.0100632018 30487.0100632018 30487.0100632018
31422.6622097189 31422.6622097189 31422.6622097189 31422.6622097189
32041.0141673335 32041.0141673335 32041.0141673335 32041.0141673335
30608.9614206434 30608.9614206434 30608.9614206434 30608.9614206434
30500.9487676489 30500.9487676489 30500.9487676489 30500.9487676489
29595.8301430926 29595.8301430926 29595.8301430926 29595.8301430926
29016.5048838745 29016.5048838745 29016.5048838745 29016.5048838745
29941.0849961299 29941.0849961299 29941.0849961299 29941.0849961299
30620.1983041048 30620.1983041048 30620.1983041048 30620.1983041048
30711.3888511659 30711.3888511659 30711.3888511659 30711.3888511659
29951.0105225808 29951.0105225808 29951.0105225808 29951.0105225808
30027.3049246285 30027.3049246285 30027.3049246285 30027.3049246285
29306.1839322421 29306.1839322421 29306.1839322421 29306.1839322421
28955.922867356 28955.922867356 28955.922867356 28955.922867356
28940.7641290113 28940.7641290113 28940.7641290113 28940.7641290113
29193.4807689634 29193.4807689634 29193.4807689634 29193.4807689634
29637.3100542531 29637.3100542531 29637.3100542531 29637.3100542531
30159.2407600972 30159.2407600972 30159.2407600972 30159.2407600972
28056.831033613 28056.831033613 28056.831033613 28056.831033613
28935.6744706683 28935.6744706683 28935.6744706683 28935.6744706683
28584.403273669 28584.403273669 28584.403273669 28584.403273669
29056.4012395215 29056.4012395215 29056.4012395215 29056.4012395215
28837.6298880768 28837.6298880768 28837.6298880768 28837.6298880768
29137.160527367 29137.160527367 29137.160527367 29137.160527367
29248.9502330817 29248.9502330817 29248.9502330817 29248.9502330817
28724.2811944978 28724.2811944978 28724.2811944978 28724.2811944978
29791.2973140267 29791.2973140267 29791.2973140267 29791.2973140267
29722.3918303604 29722.3918303604 29722.3918303604 29722.3918303604
30702.9069421654 30702.9069421654 30702.9069421654 30702.9069421654
30101.2404251976 30101.2404251976 30101.2404251976 30101.2404251976
30330.223929696 30330.223929696 30330.223929696 30330.223929696
30089.6489169906 30089.6489169906 30089.6489169906 30089.6489169906
30908.5681891614 30908.5681891614 30908.5681891614 30908.5681891614
29926.0060135164 29926.0060135164 29926.0060135164 29926.0060135164
29252.4633581168 29252.4633581168 29252.4633581168 29252.4633581168
29126.8682977792 29126.8682977792 29126.8682977792 29126.8682977792
29198.7192758513 29198.7192758513 29198.7192758513 29198.7192758513
28597.7445877638 28597.7445877638 28597.7445877638 28597.7445877638
29672.555027522 29672.555027522 29672.555027522 29672.555027522
29366.5770790091 29366.5770790091 29366.5770790091 29366.5770790091
30082.5016379435 30082.5016379435 30082.5016379435 30082.5016379435
29855.8926885079 29855.8926885079 29855.8926885079 29855.8926885079
29775.6625430152 29775.6625430152 29775.6625430152 29775.6625430152
30701.8012842623 30701.8012842623 30701.8012842623 30701.8012842623
31484.9799311792 31484.9799311792 31484.9799311792 31484.9799311792
32304.3157769008 32304.3157769008 32304.3157769008 32304.3157769008
33017.6989491557 33017.6989491557 33017.6989491557 33017.6989491557
33823.7155438685 33823.7155438685 33823.7155438685 33823.7155438685
33929.9572922175 33929.9572922175 33929.9572922175 33929.9572922175
34704.1008341245 34704.1008341245 34704.1008341245 34704.1008341245
34485.4816899637 34485.4816899637 34485.4816899637 34485.4816899637
34083.6051005562 34083.6051005562 34083.6051005562 34083.6051005562
34010.8850197862 34010.8850197862 34010.8850197862 34010.8850197862
34362.3446304845 34362.3446304845 34362.3446304845 34362.3446304845
34042.7049648027 34042.7049648027 34042.7049648027 34042.7049648027
34085.1783362527 34085.1783362527 34085.1783362527 34085.1783362527
34602.1915877384 34602.1915877384 34602.1915877384 34602.1915877384
34558.1614206439 34558.1614206439 34558.1614206439 34558.1614206439
35023.2361880286 35023.2361880286 35023.2361880286 35023.2361880286
34672.6400216748 34672.6400216748 34672.6400216748 34672.6400216748
34225.4830362003 34225.4830362003 34225.4830362003 34225.4830362003
34953.8845789838 34953.8845789838 34953.8845789838 34953.8845789838
34928.6870592569 34928.6870592569 34928.6870592569 34928.6870592569
34154.2685247351 34154.2685247351 34154.2685247351 34154.2685247351
35161.6909751882 35161.6909751882 35161.6909751882 35161.6909751882
34772.5006057907 34772.5006057907 34772.5006057907 34772.5006057907
34011.1895571414 34011.1895571414 34011.1895571414 34011.1895571414
33919.2803474156 33919.2803474156 33919.2803474156 33919.2803474156
34488.3389648808 34488.3389648808 34488.3389648808 34488.3389648808
34898.7816867431 34898.7816867431 34898.7816867431 34898.7816867431
35583.7524420739 35583.7524420739 35583.7524420739 35583.7524420739
35154.7686819413 35154.7686819413 35154.7686819413 35154.7686819413
34256.6533080591 34256.6533080591 34256.6533080591 34256.6533080591
32430.9145050828 32430.9145050828 32430.9145050828 32430.9145050828
33645.8150830477 33645.8150830477 33645.8150830477 33645.8150830477
34760.3769620076 34760.3769620076 34760.3769620076 34760.3769620076
33766.4325026533 33766.4325026533 33766.4325026533 33766.4325026533
32633.6991037473 32633.6991037473 32633.6991037473 32633.6991037473
32331.5289572805 32331.5289572805 32331.5289572805 32331.5289572805
33274.1449459794 33274.1449459794 33274.1449459794 33274.1449459794
32967.6387772808 32967.6387772808 32967.6387772808 32967.6387772808
33034.4634597672 33034.4634597672 33034.4634597672 33034.4634597672
32375.4862062144 32375.4862062144 32375.4862062144 32375.4862062144
32034.9986356386 32034.9986356386 32034.9986356386 32034.9986356386
32608.8427307581 32608.8427307581 32608.8427307581 32608.8427307581
32499.2115347884 32499.2115347884 32499.2115347884 32499.2115347884
33197.2062493907 33197.2062493907 33197.2062493907 33197.2062493907
32457.284511476 32457.284511476 32457.284511476 32457.284511476
32035.2940324943 32035.2940324943 32035.2940324943 32035.2940324943
32129.6338653603 32129.6338653603 32129.6338653603 32129.6338653603
32843.3028816009 32843.3028816009 32843.3028816009 32843.3028816009
31986.1027120456 31986.1027120456 31986.1027120456 31986.1027120456
31559.8671844348 31559.8671844348 31559.8671844348 31559.8671844348
30692.986570008 30692.986570008 30692.986570008 30692.986570008
30788.0933756948 30788.0933756948 30788.0933756948 30788.0933756948
31724.8098580933 31724.8098580933 31724.8098580933 31724.8098580933
31894.5938345569 31894.5938345569 31894.5938345569 31894.5938345569
32886.5648798039 32886.5648798039 32886.5648798039 32886.5648798039
32769.7654981474 32769.7654981474 32769.7654981474 32769.7654981474
32915.2479742856 32915.2479742856 32915.2479742856 32915.2479742856
32205.35982281 32205.35982281 32205.35982281 32205.35982281
33085.7588191283 33085.7588191283 33085.7588191283 33085.7588191283
32029.8331296269 32029.8331296269 32029.8331296269 32029.8331296269
32702.8017639882 32702.8017639882 32702.8017639882 32702.8017639882
33293.8280064845 33293.8280064845 33293.8280064845 33293.8280064845
32783.8178728761 32783.8178728761 32783.8178728761 32783.8178728761
33739.2879221721 33739.2879221721 33739.2879221721 33739.2879221721
33721.3959641312 33721.3959641312 33721.3959641312 33721.3959641312
34173.9079118275 34173.9079118275 34173.9079118275 34173.9079118275
33941.2062937766 33941.2062937766 33941.2062937766 33941.2062937766
33366.8374959039 33366.8374959039 33366.8374959039 33366.8374959039
32945.9739078491 32945.9739078491 32945.9739078491 32945.9739078491
34785.8609839383 34785.8609839383 34785.8609839383 34785.8609839383
35170.4864144732 35170.4864144732 35170.4864144732 35170.4864144732
35831.5089198503 35831.5089198503 35831.5089198503 35831.5089198503
36712.6324089621 36712.6324089621 36712.6324089621 36712.6324089621
36857.4557153784 36857.4557153784 36857.4557153784 36857.4557153784
36191.5448265378 36191.5448265378 36191.5448265378 36191.5448265378
36191.8969649771 36191.8969649771 36191.8969649771 36191.8969649771
34950.9506281662 34950.9506281662 34950.9506281662 34950.9506281662
35561.3188398912 35561.3188398912 35561.3188398912 35561.3188398912
34555.2273355302 34555.2273355302 34555.2273355302 34555.2273355302
34001.3202361204 34001.3202361204 34001.3202361204 34001.3202361204
34027.8331762791 34027.8331762791 34027.8331762791 34027.8331762791
33292.5545397156 33292.5545397156 33292.5545397156 33292.5545397156
32704.7724904191 32704.7724904191 32704.7724904191 32704.7724904191
33669.3775513701 33669.3775513701 33669.3775513701 33669.3775513701
33520.3085610732 33520.3085610732 33520.3085610732 33520.3085610732
32717.1582021993 32717.1582021993 32717.1582021993 32717.1582021993
32670.0206789271 32670.0206789271 32670.0206789271 32670.0206789271
32998.1359497879 32998.1359497879 32998.1359497879 32998.1359497879
33478.2313293283 33478.2313293283 33478.2313293283 33478.2313293283
33670.5040893285 33670.5040893285 33670.5040893285 33670.5040893285
32991.9732801945 32991.9732801945 32991.9732801945 32991.9732801945
31672.5739492979 31672.5739492979 31672.5739492979 31672.5739492979
30908.6649852514 30908.6649852514 30908.6649852514 30908.6649852514
30701.7386830057 30701.7386830057 30701.7386830057 30701.7386830057
30534.2616651792 30534.2616651792 30534.2616651792 30534.2616651792
30767.4232196065 30767.4232196065 30767.4232196065 30767.4232196065
30704.9771815203 30704.9771815203 30704.9771815203 30704.9771815203
31102.7363523477 31102.7363523477 31102.7363523477 31102.7363523477
30923.7693364407 30923.7693364407 30923.7693364407 30923.7693364407
31431.4701594159 31431.4701594159 31431.4701594159 31431.4701594159
30993.8013622294 30993.8013622294 30993.8013622294 30993.8013622294
30465.3127966315 30465.3127966315 30465.3127966315 30465.3127966315
30461.9562497416 30461.9562497416 30461.9562497416 30461.9562497416
29565.260232372 29565.260232372 29565.260232372 29565.260232372
28807.5652107669 28807.5652107669 28807.5652107669 28807.5652107669
29611.7541754629 29611.7541754629 29611.7541754629 29611.7541754629
30332.9659486628 30332.9659486628 30332.9659486628 30332.9659486628
29875.8568834903 29875.8568834903 29875.8568834903 29875.8568834903
31339.22245691 31339.22245691 31339.22245691 31339.22245691
32049.3770439988 32049.3770439988 32049.3770439988 32049.3770439988
32606.7373010621 32606.7373010621 32606.7373010621 32606.7373010621
32955.7219052964 32955.7219052964 32955.7219052964 32955.7219052964
32460.3710168171 32460.3710168171 32460.3710168171 32460.3710168171
31549.6100761605 31549.6100761605 31549.6100761605 31549.6100761605
32259.8795479617 32259.8795479617 32259.8795479617 32259.8795479617
32551.093903282 32551.093903282 32551.093903282 32551.093903282
32608.3238325179 32608.3238325179 32608.3238325179 32608.3238325179
34324.5727362742 34324.5727362742 34324.5727362742 34324.5727362742
35084.3226213977 35084.3226213977 35084.3226213977 35084.3226213977
34787.6803214896 34787.6803214896 34787.6803214896 34787.6803214896
35477.9580019631 35477.9580019631 35477.9580019631 35477.9580019631
35266.4967400547 35266.4967400547 35266.4967400547 35266.4967400547
35869.8522467608 35869.8522467608 35869.8522467608 35869.8522467608
35754.2932067509 35754.2932067509 35754.2932067509 35754.2932067509
36875.5730805218 36875.5730805218 36875.5730805218 36875.5730805218
36900.3342540039 36900.3342540039 36900.3342540039 36900.3342540039
36631.9368961015 36631.9368961015 36631.9368961015 36631.9368961015
36101.8476892316 36101.8476892316 36101.8476892316 36101.8476892316
35197.4202019508 35197.4202019508 35197.4202019508 35197.4202019508
35305.9604124788 35305.9604124788 35305.9604124788 35305.9604124788
34653.3572797322 34653.3572797322 34653.3572797322 34653.3572797322
34763.2675562522 34763.2675562522 34763.2675562522 34763.2675562522
34893.1055906103 34893.1055906103 34893.1055906103 34893.1055906103
34342.2167859887 34342.2167859887 34342.2167859887 34342.2167859887
34935.8211090175 34935.8211090175 34935.8211090175 34935.8211090175
33789.3530289655 33789.3530289655 33789.3530289655 33789.3530289655
34506.5654258116 34506.5654258116 34506.5654258116 34506.5654258116
34188.3021751869 34188.3021751869 34188.3021751869 34188.3021751869
33802.3125156167 33802.3125156167 33802.3125156167 33802.3125156167
33938.625073192 33938.625073192 33938.625073192 33938.625073192
33987.63492721 33987.63492721 33987.63492721 33987.63492721
33791.6222499042 33791.6222499042 33791.6222499042 33791.6222499042
33660.087314616 33660.087314616 33660.087314616 33660.087314616
32310.5107780223 32310.5107780223 32310.5107780223 32310.5107780223
31092.3044850849 31092.3044850849 31092.3044850849 31092.3044850849
29908.2920604552 29908.2920604552 29908.2920604552 29908.2920604552
30366.4984080191 30366.4984080191 30366.4984080191 30366.4984080191
31018.7847836955 31018.7847836955 31018.7847836955 31018.7847836955
32285.8952835664 32285.8952835664 32285.8952835664 32285.8952835664
32540.4159786387 32540.4159786387 32540.4159786387 32540.4159786387
34117.0908054987 34117.0908054987 34117.0908054987 34117.0908054987
33780.7092521471 33780.7092521471 33780.7092521471 33780.7092521471
32551.9278637581 32551.9278637581 32551.9278637581 32551.9278637581
32849.1818698769 32849.1818698769 32849.1818698769 32849.1818698769
32300.9152741542 32300.9152741542 32300.9152741542 32300.9152741542
33252.832683707 33252.832683707 33252.832683707 33252.832683707
33138.9430257748 33138.9430257748 33138.9430257748 33138.9430257748
32852.2960512093 32852.2960512093 32852.2960512093 32852.2960512093
34108.0291654384 34108.0291654384 34108.0291654384 34108.0291654384
35098.2305554741 35098.2305554741 35098.2305554741 35098.2305554741
36249.3681713227 36249.3681713227 36249.3681713227 36249.3681713227
35448.8886286052 35448.8886286052 35448.8886286052 35448.8886286052
35936.5479912406 35936.5479912406 35936.5479912406 35936.5479912406
35424.5576577227 35424.5576577227 35424.5576577227 35424.5576577227
36211.58652617 36211.58652617 36211.58652617 36211.58652617
36640.8900051334 36640.8900051334 36640.8900051334 36640.8900051334
36336.8185452853 36336.8185452853 36336.8185452853 36336.8185452853
34995.0055214003 34995.0055214003 34995.0055214003 34995.0055214003
35024.7116604573 35024.7116604573 35024.7116604573 35024.7116604573
33893.9578450161 33893.9578450161 33893.9578450161 33893.9578450161
34484.309618997 34484.309618997 34484.309618997 34484.309618997
34405.6920862912 34405.6920862912 34405.6920862912 34405.6920862912
33676.3974344883 33676.3974344883 33676.3974344883 33676.3974344883
32980.9573812605 32980.9573812605 32980.9573812605 32980.9573812605
32620.6612084234 32620.6612084234 32620.6612084234 32620.6612084234
32731.3328374761 32731.3328374761 32731.3328374761 32731.3328374761
33862.0872559671 33862.0872559671 33862.0872559671 33862.0872559671
34085.3726012936 34085.3726012936 34085.3726012936 34085.3726012936
34569.9615630575 34569.9615630575 34569.9615630575 34569.9615630575
35403.8257133426 35403.8257133426 35403.8257133426 35403.8257133426
36081.1025529115 36081.1025529115 36081.1025529115 36081.1025529115
36127.1138584983 36127.1138584983 36127.1138584983 36127.1138584983
36817.1660206372 36817.1660206372 36817.1660206372 36817.1660206372
36094.4245483913 36094.4245483913 36094.4245483913 36094.4245483913
35361.8951524698 35361.8951524698 35361.8951524698 35361.8951524698
35870.4797939062 35870.4797939062 35870.4797939062 35870.4797939062
36103.0189416974 36103.0189416974 36103.0189416974 36103.0189416974
36954.6827770027 36954.6827770027 36954.6827770027 36954.6827770027
36351.7861545264 36351.7861545264 36351.7861545264 36351.7861545264
35268.8272591221 35268.8272591221 35268.8272591221 35268.8272591221
35229.2418826876 35229.2418826876 35229.2418826876 35229.2418826876
35680.7404736724 35680.7404736724 35680.7404736724 35680.7404736724
34040.0652640752 34040.0652640752 34040.0652640752 34040.0652640752
33467.076930405 33467.076930405 33467.076930405 33467.076930405
33079.8622849541 33079.8622849541 33079.8622849541 33079.8622849541
33062.3024350916 33062.3024350916 33062.3024350916 33062.3024350916
32278.7274927378 32278.7274927378 32278.7274927378 32278.7274927378
32097.3434443537 32097.3434443537 32097.3434443537 32097.3434443537
31690.3823133597 31690.3823133597 31690.3823133597 31690.3823133597
32415.3417866507 32415.3417866507 32415.3417866507 32415.3417866507
31355.1643440857 31355.1643440857 31355.1643440857 31355.1643440857
31522.8889159373 31522.8889159373 31522.8889159373 31522.8889159373
31483.843449544 31483.843449544 31483.843449544 31483.843449544
30587.1195450617 30587.1195450617 30587.1195450617 30587.1195450617
31225.093285672 31225.093285672 31225.093285672 31225.093285672
31364.7450037864 31364.7450037864 31364.7450037864 31364.7450037864
31463.5781408576 31463.5781408576 31463.5781408576 31463.5781408576
30941.2359885696 30941.2359885696 30941.2359885696 30941.2359885696
32772.7016535667 32772.7016535667 32772.7016535667 32772.7016535667
32473.1086512863 32473.1086512863 32473.1086512863 32473.1086512863
31560.7185057869 31560.7185057869 31560.7185057869 31560.7185057869
32476.3446747227 32476.3446747227 32476.3446747227 32476.3446747227
32646.497208492 32646.497208492 32646.497208492 32646.497208492
31886.6873748355 31886.6873748355 31886.6873748355 31886.6873748355
31538.6866813073 31538.6866813073 31538.6866813073 31538.6866813073
32296.5671699431 32296.5671699431 32296.5671699431 32296.5671699431
33014.5298796784 33014.5298796784 33014.5298796784 33014.5298796784
32837.288028296 32837.288028296 32837.288028296 32837.288028296
33054.6802027782 33054.6802027782 33054.6802027782 33054.6802027782
32180.8356719592 32180.8356719592 32180.8356719592 32180.8356719592
31744.5290628619 31744.5290628619 31744.5290628619 31744.5290628619
31743.7096673119 31743.7096673119 31743.7096673119 31743.7096673119
30650.4838402581 30650.4838402581 30650.4838402581 30650.4838402581
31308.4353376036 31308.4353376036 31308.4353376036 31308.4353376036
31349.2698165442 31349.2698165442 31349.2698165442 31349.2698165442
31251.8143794079 31251.8143794079 31251.8143794079 31251.8143794079
32566.6288997429 32566.6288997429 32566.6288997429 32566.6288997429
33298.5173711528 33298.5173711528 33298.5173711528 33298.5173711528
34954.9988324589 34954.9988324589 34954.9988324589 34954.9988324589
33678.2527696054 33678.2527696054 33678.2527696054 33678.2527696054
34566.0027705896 34566.0027705896 34566.0027705896 34566.0027705896
34383.7469767083 34383.7469767083 34383.7469767083 34383.7469767083
34090.0892092796 34090.0892092796 34090.0892092796 34090.0892092796
34275.4865994465 34275.4865994465 34275.4865994465 34275.4865994465
34485.6525535731 34485.6525535731 34485.6525535731 34485.6525535731
35123.0801907828 35123.0801907828 35123.0801907828 35123.0801907828
35686.7010329238 35686.7010329238 35686.7010329238 35686.7010329238
34439.0746138726 34439.0746138726 34439.0746138726 34439.0746138726
34130.4203091461 34130.4203091461 34130.4203091461 34130.4203091461
33059.1749583008 33059.1749583008 33059.1749583008 33059.1749583008
33749.9345804238 33749.9345804238 33749.9345804238 33749.9345804238
33826.6210444695 33826.6210444695 33826.6210444695 33826.6210444695
34781.9229650005 34781.9229650005 34781.9229650005 34781.9229650005
34265.7534477167 34265.7534477167 34265.7534477167 34265.7534477167
34896.4342845626 34896.4342845626 34896.4342845626 34896.4342845626
34118.7632582725 34118.7632582725 34118.7632582725 34118.7632582725
33615.2438958298 33615.2438958298 33615.2438958298 33615.2438958298
33629.7987291195 33629.7987291195 33629.7987291195 33629.7987291195
34408.6781360271 34408.6781360271 34408.6781360271 34408.6781360271
33959.895139267 33959.895139267 33959.895139267 33959.895139267
34183.3936378116 34183.3936378116 34183.3936378116 34183.3936378116
33306.5743939352 33306.5743939352 33306.5743939352 33306.5743939352
33722.6104375706 33722.6104375706 33722.6104375706 33722.6104375706
33774.7319049309 33774.7319049309 33774.7319049309 33774.7319049309
32995.3548791292 32995.3548791292 32995.3548791292 32995.3548791292
32855.4185820881 32855.4185820881 32855.4185820881 32855.4185820881
32149.2480914959 32149.2480914959 32149.2480914959 32149.2480914959
31954.243769586 31954.243769586 31954.243769586 31954.243769586
31253.7109979771 31253.7109979771 31253.7109979771 31253.7109979771
32494.1654479726 32494.1654479726 32494.1654479726 32494.1654479726
31834.3791264005 31834.3791264005 31834.3791264005 31834.3791264005
32072.9635686473 32072.9635686473 32072.9635686473 32072.9635686473
33184.9713769712 33184.9713769712 33184.9713769712 33184.9713769712
34228.0848272355 34228.0848272355 34228.0848272355 34228.0848272355
33953.4647172074 33953.4647172074 33953.4647172074 33953.4647172074
34183.7415615727 34183.7415615727 34183.7415615727 34183.7415615727
33779.7802517156 33779.7802517156 33779.7802517156 33779.7802517156
32330.8627022198 32330.8627022198 32330.8627022198 32330.8627022198
32244.3660596583 32244.3660596583 32244.3660596583 32244.3660596583
31842.0105523499 31842.0105523499 31842.0105523499 31842.0105523499
31689.2022604522 31689.2022604522 31689.2022604522 31689.2022604522
30958.4969516943 30958.4969516943 30958.4969516943 30958.4969516943
30703.7807950498 30703.7807950498 30703.7807950498 30703.7807950498
30950.1043966513 30950.1043966513 30950.1043966513 30950.1043966513
31996.3535797501 31996.3535797501 31996.3535797501 31996.3535797501
31898.5402788387 31898.5402788387 31898.5402788387 31898.5402788387
31558.9678052708 31558.9678052708 31558.9678052708 31558.9678052708
31192.1541432482 31192.1541432482 31192.1541432482 31192.1541432482
31181.6414601561 31181.6414601561 31181.6414601561 31181.6414601561
30921.0370984325 30921.0370984325 30921.0370984325 30921.0370984325
31156.6151985502 31156.6151985502 31156.6151985502 31156.6151985502
31026.6991098453 31026.6991098453 31026.6991098453 31026.6991098453
32410.107831432 32410.107831432 32410.107831432 32410.107831432
33286.5161944723 33286.5161944723 33286.5161944723 33286.5161944723
33742.7571459629 33742.7571459629 33742.7571459629 33742.7571459629
33548.0662905313 33548.0662905313 33548.0662905313 33548.0662905313
33623.3488740211 33623.3488740211 33623.3488740211 33623.3488740211
34297.7831896042 34297.7831896042 34297.7831896042 34297.7831896042
34401.090352929 34401.090352929 34401.090352929 34401.090352929
34121.0697196638 34121.0697196638 34121.0697196638 34121.0697196638
33483.5447718456 33483.5447718456 33483.5447718456 33483.5447718456
34108.8679502636 34108.8679502636 34108.8679502636 34108.8679502636
33248.2983449311 33248.2983449311 33248.2983449311 33248.2983449311
32540.4139781954 32540.4139781954 32540.4139781954 32540.4139781954
32644.5948792487 32644.5948792487 32644.5948792487 32644.5948792487
31891.244926781 31891.244926781 31891.244926781 31891.244926781
31167.6755376096 31167.6755376096 31167.6755376096 31167.6755376096
31569.1182658152 31569.1182658152 31569.1182658152 31569.1182658152
32542.9385333116 32542.9385333116 32542.9385333116 32542.9385333116
34017.5415766845 34017.5415766845 34017.5415766845 34017.5415766845
33136.7624824241 33136.7624824241 33136.7624824241 33136.7624824241
34091.1230985955 34091.1230985955 34091.1230985955 34091.1230985955
34643.0544221404 34643.0544221404 34643.0544221404 34643.0544221404
34095.7437010229 34095.7437010229 34095.7437010229 34095.7437010229
33184.4624545584 33184.4624545584 33184.4624545584 33184.4624545584
33355.290294954 33355.290294954 33355.290294954 33355.290294954
33389.7363346386 33389.7363346386 33389.7363346386 33389.7363346386
34624.0805979527 34624.0805979527 34624.0805979527 34624.0805979527
35164.862111246 35164.862111246 35164.862111246 35164.862111246
35250.5740110964 35250.5740110964 35250.5740110964 35250.5740110964
35466.8284149319 35466.8284149319 35466.8284149319 35466.8284149319
35605.4857548703 35605.4857548703 35605.4857548703 35605.4857548703
35909.6118679324 35909.6118679324 35909.6118679324 35909.6118679324
35248.4705431681 35248.4705431681 35248.4705431681 35248.4705431681
34943.289349318 34943.289349318 34943.289349318 34943.289349318
35419.378229964 35419.378229964 35419.378229964 35419.378229964
34931.9176222542 34931.9176222542 34931.9176222542 34931.9176222542
34947.9790466108 34947.9790466108 34947.9790466108 34947.9790466108
34020.2917665067 34020.2917665067 34020.2917665067 34020.2917665067
32964.6115471899 32964.6115471899 32964.6115471899 32964.6115471899
32242.3412959931 32242.3412959931 32242.3412959931 32242.3412959931
32127.3104412139 32127.3104412139 32127.3104412139 32127.3104412139
31727.5349595762 31727.5349595762 31727.5349595762 31727.5349595762
32173.1209378116 32173.1209378116 32173.1209378116 32173.1209378116
30839.9103657312 30839.9103657312 30839.9103657312 30839.9103657312
31219.4280560218 31219.4280560218 31219.4280560218 31219.4280560218
31067.1359983406 31067.1359983406 31067.1359983406 31067.1359983406
30971.0689834817 30971.0689834817 30971.0689834817 30971.0689834817
32020.5604800489 32020.5604800489 32020.5604800489 32020.5604800489
32703.6135911182 32703.6135911182 32703.6135911182 32703.6135911182
32928.2928481274 32928.2928481274 32928.2928481274 32928.2928481274
32696.9441962791 32696.9441962791 32696.9441962791 32696.9441962791
32941.6929258087 32941.6929258087 32941.6929258087 32941.6929258087
32809.6329705206 32809.6329705206 32809.6329705206 32809.6329705206
32278.3495086282 32278.3495086282 32278.3495086282 32278.3495086282
31680.3165985942 31680.3165985942 31680.3165985942 31680.3165985942
31761.4172997132 31761.4172997132 31761.4172997132 31761.4172997132
32123.1352256326 32123.1352256326 32123.1352256326 32123.1352256326
31735.4643247711 31735.4643247711 31735.4643247711 31735.4643247711
31705.0493677574 31705.0493677574 31705.0493677574 31705.0493677574
32130.2204939756 32130.2204939756 32130.2204939756 32130.2204939756
31239.3652437576 31239.3652437576 31239.3652437576 31239.3652437576
30044.5635316722 30044.5635316722 30044.5635316722 30044.5635316722
30707.9096448519 30707.9096448519 30707.9096448519 30707.9096448519
31876.8057931502 31876.8057931502 31876.8057931502 31876.8057931502
32024.9656968508 32024.9656968508 32024.9656968508 32024.9656968508
32925.516469604 32925.516469604 32925.516469604 32925.516469604
31600.635072204 31600.635072204 31600.635072204 31600.635072204
31946.778735438 31946.778735438 31946.778735438 31946.778735438
32623.9370610279 32623.9370610279 32623.9370610279 32623.9370610279
32767.6621414142 32767.6621414142 32767.6621414142 32767.6621414142
33057.7488418743 33057.7488418743 33057.7488418743 33057.7488418743
32531.9373519424 32531.9373519424 32531.9373519424 32531.9373519424
33700.6958262703 33700.6958262703 33700.6958262703 33700.6958262703
35274.7755170966 35274.7755170966 35274.7755170966 35274.7755170966
34968.6117564191 34968.6117564191 34968.6117564191 34968.6117564191
36322.4851341147 36322.4851341147 36322.4851341147 36322.4851341147
36657.074685342 36657.074685342 36657.074685342 36657.074685342
36825.0922697803 36825.0922697803 36825.0922697803 36825.0922697803
37000.2346218513 37000.2346218513 37000.2346218513 37000.2346218513
36838.3170161332 36838.3170161332 36838.3170161332 36838.3170161332
37478.5863312852 37478.5863312852 37478.5863312852 37478.5863312852
37192.4351291379 37192.4351291379 37192.4351291379 37192.4351291379
38266.6290354357 38266.6290354357 38266.6290354357 38266.6290354357
38199.3777455625 38199.3777455625 38199.3777455625 38199.3777455625
37242.6006417457 37242.6006417457 37242.6006417457 37242.6006417457
37329.1348788513 37329.1348788513 37329.1348788513 37329.1348788513
38436.4227762136 38436.4227762136 38436.4227762136 38436.4227762136
39071.73239753 39071.73239753 39071.73239753 39071.73239753
39152.1855890912 39152.1855890912 39152.1855890912 39152.1855890912
39233.8566666069 39233.8566666069 39233.8566666069 39233.8566666069
40161.2058405276 40161.2058405276 40161.2058405276 40161.2058405276
40793.6778928691 40793.6778928691 40793.6778928691 40793.6778928691
40037.9588872602 40037.9588872602 40037.9588872602 40037.9588872602
39643.1911419289 39643.1911419289 39643.1911419289 39643.1911419289
40764.1797948506 40764.1797948506 40764.1797948506 40764.1797948506
40133.5860977208 40133.5860977208 40133.5860977208 40133.5860977208
40190.9369580713 40190.9369580713 40190.9369580713 40190.9369580713
38802.6582942859 38802.6582942859 38802.6582942859 38802.6582942859
40222.0112966372 40222.0112966372 40222.0112966372 40222.0112966372
40229.2930394388 40229.2930394388 40229.2930394388 40229.2930394388
40265.3817862335 40265.3817862335 40265.3817862335 40265.3817862335
39769.5728983516 39769.5728983516 39769.5728983516 39769.5728983516
38855.0366164284 38855.0366164284 38855.0366164284 38855.0366164284
38848.0206471331 38848.0206471331 38848.0206471331 38848.0206471331
38827.4860871495 38827.4860871495 38827.4860871495 38827.4860871495
38997.7705524473 38997.7705524473 38997.7705524473 38997.7705524473
37485.2821990156 37485.2821990156 37485.2821990156 37485.2821990156
37548.3921646794 37548.3921646794 37548.3921646794 37548.3921646794
36660.2337570231 36660.2337570231 36660.2337570231 36660.2337570231
36199.4100561026 36199.4100561026 36199.4100561026 36199.4100561026
37193.5279574433 37193.5279574433 37193.5279574433 37193.5279574433
37028.673496137 37028.673496137 37028.673496137 37028.673496137
36159.9899828031 36159.9899828031 36159.9899828031 36159.9899828031
35333.6498274452 35333.6498274452 35333.6498274452 35333.6498274452
35832.6433268461 35832.6433268461 35832.6433268461 35832.6433268461
34943.78510462 34943.78510462 34943.78510462 34943.78510462
35989.2165692565 35989.2165692565 35989.2165692565 35989.2165692565
35481.9424245759 35481.9424245759 35481.9424245759 35481.9424245759
34759.4701137828 34759.4701137828 34759.4701137828 34759.4701137828
34591.5260832113 34591.5260832113 34591.5260832113 34591.5260832113
35376.236003662 35376.236003662 35376.236003662 35376.236003662
34255.3856825285 34255.3856825285 34255.3856825285 34255.3856825285
34149.597736098 34149.597736098 34149.597736098 34149.597736098
33888.2357784084 33888.2357784084 33888.2357784084 33888.2357784084
32993.784464746 32993.784464746 32993.784464746 32993.784464746
33152.9808894746 33152.9808894746 33152.9808894746 33152.9808894746
34069.310324615 34069.310324615 34069.310324615 34069.310324615
34005.4925814999 34005.4925814999 34005.4925814999 34005.4925814999
33253.466871494 33253.466871494 33253.466871494 33253.466871494
33412.9293934048 33412.9293934048 33412.9293934048 33412.9293934048
34025.7898556784 34025.7898556784 34025.7898556784 34025.7898556784
33644.3142293486 33644.3142293486 33644.3142293486 33644.3142293486
33057.2182317574 33057.2182317574 33057.2182317574 33057.2182317574
33480.0647187063 33480.0647187063 33480.0647187063 33480.0647187063
34322.4939831745 34322.4939831745 34322.4939831745 34322.4939831745
34142.0180988317 34142.0180988317 34142.0180988317 34142.0180988317
33775.693614469 33775.693614469 33775.693614469 33775.693614469
33000.0364132026 33000.0364132026 33000.0364132026 33000.0364132026
32739.9783184729 32739.9783184729 32739.9783184729 32739.9783184729
31549.5313435485 31549.5313435485 31549.5313435485 31549.5313435485
32649.754692674 32649.754692674 32649.754692674 32649.754692674
32420.9353321437 32420.9353321437 32420.9353321437 32420.9353321437
33335.0409379838 33335.0409379838 33335.0409379838 33335.0409379838
32590.735861414 32590.735861414 32590.735861414 32590.735861414
32217.0970468077 32217.0970468077 32217.0970468077 32217.0970468077
31731.1901695162 31731.1901695162 31731.1901695162 31731.1901695162
31883.6438257381 31883.6438257381 31883.6438257381 31883.6438257381
32229.7981213569 32229.7981213569 32229.7981213569 32229.7981213569
32052.3700275684 32052.3700275684 32052.3700275684 32052.3700275684
31996.3040836839 31996.3040836839 31996.3040836839 31996.3040836839
31873.1363216715 31873.1363216715 31873.1363216715 31873.1363216715
31662.4553820396 31662.4553820396 31662.4553820396 31662.4553820396
29977.9176093873 29977.9176093873 29977.9176093873 29977.9176093873
31836.0308777481 31836.0308777481 31836.0308777481 31836.0308777481
31733.5799373519 31733.5799373519 31733.5799373519 31733.5799373519
31587.835747964 31587.835747964 31587.835747964 31587.835747964
31623.4299866575 31623.4299866575 31623.4299866575 31623.4299866575
31337.2158826834 31337.2158826834 31337.2158826834 31337.2158826834
31167.5968545094 31167.5968545094 31167.5968545094 31167.5968545094
31499.824472793 31499.824472793 31499.824472793 31499.824472793
31147.984984878 31147.984984878 31147.984984878 31147.984984878
30850.5686829744 30850.5686829744 30850.5686829744 30850.5686829744
31228.6684276681 31228.6684276681 31228.6684276681 31228.6684276681
30732.9019523347 30732.9019523347 30732.9019523347 30732.9019523347
30980.6224655901 30980.6224655901 30980.6224655901 30980.6224655901
31689.6309546392 31689.6309546392 31689.6309546392 31689.6309546392
30960.0199591189 30960.0199591189 30960.0199591189 30960.0199591189
31090.8753551007 31090.8753551007 31090.8753551007 31090.8753551007
30544.1218650163 30544.1218650163 30544.1218650163 30544.1218650163
29831.3246490479 29831.3246490479 29831.3246490479 29831.3246490479
30510.4536231511 30510.4536231511 30510.4536231511 30510.4536231511
30237.2497035194 30237.2497035194 30237.2497035194 30237.2497035194
29848.7926995603 29848.7926995603 29848.7926995603 29848.7926995603
28969.5054767215 28969.5054767215 28969.5054767215 28969.5054767215
30066.4823714142 30066.4823714142 30066.4823714142 30066.4823714142
30362.0746205948 30362.0746205948 30362.0746205948 30362.0746205948
30117.3724830401 30117.3724830401 30117.3724830401 30117.3724830401
30139.0251629608 30139.0251629608 30139.0251629608 30139.0251629608
30941.3480318056 30941.3480318056 30941.3480318056 30941.3480318056
31075.4345507747 31075.4345507747 31075.4345507747 31075.4345507747
31369.6846447963 31369.6846447963 31369.6846447963 31369.6846447963
31871.1263397288 31871.1263397288 31871.1263397288 31871.1263397288
31761.3688695891 31761.3688695891 31761.3688695891 31761.3688695891
32123.9571437862 32123.9571437862 32123.9571437862 32123.9571437862
31788.0323790858 31788.0323790858 31788.0323790858 31788.0323790858
32316.4381277692 32316.4381277692 32316.4381277692 32316.4381277692
32419.7944454652 32419.7944454652 32419.7944454652 32419.7944454652
32324.0766071927 32324.0766071927 32324.0766071927 32324.0766071927
33169.0533858989 33169.0533858989 33169.0533858989 33169.0533858989
32753.4259945747 32753.4259945747 32753.4259945747 32753.4259945747
33317.9975062798 33317.9975062798 33317.9975062798 33317.9975062798
33240.1978433389 33240.1978433389 33240.1978433389 33240.1978433389
33601.9627882509 33601.9627882509 33601.9627882509 33601.9627882509
33057.1624397057 33057.1624397057 33057.1624397057 33057.1624397057
32492.9927330722 32492.9927330722 32492.9927330722 32492.9927330722
32779.2588127892 32779.2588127892 32779.2588127892 32779.2588127892
32703.8959909287 32703.8959909287 32703.8959909287 32703.8959909287
32699.1686044098 32699.1686044098 32699.1686044098 32699.1686044098
32638.8513539777 32638.8513539777 32638.8513539777 32638.8513539777
32037.3545090776 32037.3545090776 32037.3545090776 32037.3545090776
31596.47838848 31596.47838848 31596.47838848 31596.47838848
32187.4321175992 32187.4321175992 32187.4321175992 32187.4321175992
32607.2517473196 32607.2517473196 32607.2517473196 32607.2517473196
32621.1004177782 32621.1004177782 32621.1004177782 32621.1004177782
31996.3370181609 31996.3370181609 31996.3370181609 31996.3370181609
31581.5161950905 31581.5161950905 31581.5161950905 31581.5161950905
30294.117179817 30294.117179817 30294.117179817 30294.117179817
29542.2082917416 29542.2082917416 29542.2082917416 29542.2082917416
28916.8293965349 28916.8293965349 28916.8293965349 28916.8293965349
28704.4060296191 28704.4060296191 28704.4060296191 28704.4060296191
28950.4602692989 28950.4602692989 28950.4602692989 28950.4602692989
29027.7195138603 29027.7195138603 29027.7195138603 29027.7195138603
29828.5917893055 29828.5917893055 29828.5917893055 29828.5917893055
29814.8252530487 29814.8252530487 29814.8252530487 29814.8252530487
30114.4180362891 30114.4180362891 30114.4180362891 30114.4180362891
29578.4303032213 29578.4303032213 29578.4303032213 29578.4303032213
30310.630343606 30310.630343606 30310.630343606 30310.630343606
31262.0804108143 31262.0804108143 31262.0804108143 31262.0804108143
31053.8853054608 31053.8853054608 31053.8853054608 31053.8853054608
