4.6787328010596 4.6787328010596 4.6787328010596 4.6787328010596
4.19773518285807 4.19773518285807 4.19773518285807 4.19773518285807
3.86776372794872 3.86776372794872 3.86776372794872 3.86776372794872
3.61841988400059 3.61841988400059 3.61841988400059 3.61841988400059
3.44816139386182 3.44816139386182 3.44816139386182 3.44816139386182
3.06537440706221 3.06537440706221 3.06537440706221 3.06537440706221
2.64996693790017 2.64996693790017 2.64996693790017 2.64996693790017
2.19312109063559 2.19312109063559 2.19312109063559 2.19312109063559
1.90790517345365 1.90790517345365 1.90790517345365 1.90790517345365
1.55018148170728 1.55018148170728 1.55018148170728 1.55018148170728
1.09168184781782 1.09168184781782 1.09168184781782 1.09168184781782
0.67281220361397 0.67281220361397 0.67281220361397 0.67281220361397
0.592943460087797 0.592943460087797 0.592943460087797 0.592943460087797
0.592943460087797 0.592943460087797 0.592943460087797 0.592943460087797
0.607106479050151 0.607106479050151 0.607106479050151 0.607106479050151
0.554051757535776 0.554051757535776 0.554051757535776 0.554051757535776
0.590248659910785 0.590248659910785 0.590248659910785 0.590248659910785
0.560761024220965 0.560761024220965 0.560761024220965 0.560761024220965
0.654755298607719 0.654755298607719 0.654755298607719 0.654755298607719
0.57645092177621 0.57645092177621 0.57645092177621 0.57645092177621
0.533567506971371 0.533567506971371 0.533567506971371 0.533567506971371
0.607272508301169 0.607272508301169 0.607272508301169 0.607272508301169
0.623673783210129 0.623673783210129 0.623673783210129 0.623673783210129
0.539021145754401 0.539021145754401 0.539021145754401 0.539021145754401
0.548117984609113 0.548117984609113 0.548117984609113 0.548117984609113
0.481945714066833 0.481945714066833 0.481945714066833 0.481945714066833
0.561775850873191 0.561775850873191 0.561775850873191 0.561775850873191
0.524930902554817 0.524930902554817 0.524930902554817 0.524930902554817
0.481382815571483 0.481382815571483 0.481382815571483 0.481382815571483
0.490878531754145 0.490878531754145 0.490878531754145 0.490878531754145
0.58401941783474 0.58401941783474 0.58401941783474 0.58401941783474
0.515871877328957 0.515871877328957 0.515871877328957 0.515871877328957
0.472181251610744 0.472181251610744 0.472181251610744 0.472181251610744
0.470182728177047 0.470182728177047 0.470182728177047 0.470182728177047
0.488328140460806 0.488328140460806 0.488328140460806 0.488328140460806
0.544417116030314 0.544417116030314 0.544417116030314 0.544417116030314
0.501139080489694 0.501139080489694 0.501139080489694 0.501139080489694
0.445641199053666 0.445641199053666 0.445641199053666 0.445641199053666
0.459537180894548 0.459537180894548 0.459537180894548 0.459537180894548
0.492791653961959 0.492791653961959 0.492791653961959 0.492791653961959
0.480939463691228 0.480939463691228 0.480939463691228 0.480939463691228
0.430721778764482 0.430721778764482 0.430721778764482 0.430721778764482
0.462455190124926 0.462455190124926 0.462455190124926 0.462455190124926
0.40286213760847 0.40286213760847 0.40286213760847 0.40286213760847
0.478972432716112 0.478972432716112 0.478972432716112 0.478972432716112
0.478972432716112 0.478972432716112 0.478972432716112 0.478972432716112
0.486875981090315 0.486875981090315 0.486875981090315 0.486875981090315
0.484837141575125 0.484837141575125 0.484837141575125 0.484837141575125
0.510340205477363 0.510340205477363 0.510340205477363 0.510340205477363
0.443208077702803 0.443208077702803 0.443208077702803 0.443208077702803
0.443208077702803 0.443208077702803 0.443208077702803 0.443208077702803
0.46542544964713 0.46542544964713 0.46542544964713 0.46542544964713
0.47414902910474 0.47414902910474 0.47414902910474 0.47414902910474
0.39865711388313 0.39865711388313 0.39865711388313 0.39865711388313
0.38143645184173 0.38143645184173 0.38143645184173 0.38143645184173
0.485150650186923 0.485150650186923 0.485150650186923 0.485150650186923
0.411685492064972 0.411685492064972 0.411685492064972 0.411685492064972
0.444741054102649 0.444741054102649 0.444741054102649 0.444741054102649
0.415204211360884 0.415204211360884 0.415204211360884 0.415204211360884
0.36805197445118 0.36805197445118 0.36805197445118 0.36805197445118
0.409891822720299 0.409891822720299 0.409891822720299 0.409891822720299
0.409891822720299 0.409891822720299 0.409891822720299 0.409891822720299
0.443782064621047 0.443782064621047 0.443782064621047 0.443782064621047
0.430489139301298 0.430489139301298 0.430489139301298 0.430489139301298
0.394748746316948 0.394748746316948 0.394748746316948 0.394748746316948
0.43774621670193 0.43774621670193 0.43774621670193 0.43774621670193
0.40119328874255 0.40119328874255 0.40119328874255 0.40119328874255
0.399229559045061 0.399229559045061 0.399229559045061 0.399229559045061
0.397631936777239 0.397631936777239 0.397631936777239 0.397631936777239
0.377536137730638 0.377536137730638 0.377536137730638 0.377536137730638
0.413837417715081 0.413837417715081 0.413837417715081 0.413837417715081
0.452649122408197 0.452649122408197 0.452649122408197 0.452649122408197
0.385169932952399 0.385169932952399 0.385169932952399 0.385169932952399
0.371589999285576 0.371589999285576 0.371589999285576 0.371589999285576
0.41174884728083 0.41174884728083 0.41174884728083 0.41174884728083
0.371149912903032 0.371149912903032 0.371149912903032 0.371149912903032
0.371149912903032 0.371149912903032 0.371149912903032 0.371149912903032
0.408033866907629 0.408033866907629 0.408033866907629 0.408033866907629
0.402257800071895 0.402257800071895 0.402257800071895 0.402257800071895
0.369178372696672 0.369178372696672 0.369178372696672 0.369178372696672
0.344111321721548 0.344111321721548 0.344111321721548 0.344111321721548
0.383793922200055 0.383793922200055 0.383793922200055 0.383793922200055
0.408867745256964 0.408867745256964 0.408867745256964 0.408867745256964
0.370867107562971 0.370867107562971 0.370867107562971 0.370867107562971
0.396399303292812 0.396399303292812 0.396399303292812 0.396399303292812
0.369293431595973 0.369293431595973 0.369293431595973 0.369293431595973
0.377407794920513 0.377407794920513 0.377407794920513 0.377407794920513
0.393434730213811 0.393434730213811 0.393434730213811 0.393434730213811
0.372052552744665 0.372052552744665 0.372052552744665 0.372052552744665
0.342641136128116 0.342641136128116 0.342641136128116 0.342641136128116
0.422013910453907 0.422013910453907 0.422013910453907 0.422013910453907
0.386700847837502 0.386700847837502 0.386700847837502 0.386700847837502
0.396761014134705 0.396761014134705 0.396761014134705 0.396761014134705
0.406979337128277 0.406979337128277 0.406979337128277 0.406979337128277
0.370695325909058 0.370695325909058 0.370695325909058 0.370695325909058
0.387757874072325 0.387757874072325 0.387757874072325 0.387757874072325
0.349040836692095 0.349040836692095 0.349040836692095 0.349040836692095
0.413550587714858 0.413550587714858 0.413550587714858 0.413550587714858
0.332274546379544 0.332274546379544 0.332274546379544 0.332274546379544
0.362344307378873 0.362344307378873 0.362344307378873 0.362344307378873
0.362344307378873 0.362344307378873 0.362344307378873 0.362344307378873
0.343855027520207 0.343855027520207 0.343855027520207 0.343855027520207
0.331545469318849 0.331545469318849 0.331545469318849 0.331545469318849
0.348864417835416 0.348864417835416 0.348864417835416 0.348864417835416
0.382038982903599 0.382038982903599 0.382038982903599 0.382038982903599
0.396373022595704 0.396373022595704 0.396373022595704 0.396373022595704
0.393279200342489 0.393279200342489 0.393279200342489 0.393279200342489
0.355513514632098 0.355513514632098 0.355513514632098 0.355513514632098
0.352971893526302 0.352971893526302 0.352971893526302 0.352971893526302
0.360662899337182 0.360662899337182 0.360662899337182 0.360662899337182
0.385860088485258 0.385860088485258 0.385860088485258 0.385860088485258
0.388921400893106 0.388921400893106 0.388921400893106 0.388921400893106
0.371197208243391 0.371197208243391 0.371197208243391 0.371197208243391
0.382805544435298 0.382805544435298 0.382805544435298 0.382805544435298
0.385874550083105 0.385874550083105 0.385874550083105 0.385874550083105
0.337006831914766 0.337006831914766 0.337006831914766 0.337006831914766
0.360782810048301 0.360782810048301 0.360782810048301 0.360782810048301
0.372226244985853 0.372226244985853 0.372226244985853 0.372226244985853
0.37545078584718 0.37545078584718 0.37545078584718 0.37545078584718
0.385766785504046 0.385766785504046 0.385766785504046 0.385766785504046
0.350132128189026 0.350132128189026 0.350132128189026 0.350132128189026
0.36379008869525 0.36379008869525 0.36379008869525 0.36379008869525
0.370313561469162 0.370313561469162 0.370313561469162 0.370313561469162
0.338243680052254 0.338243680052254 0.338243680052254 0.338243680052254
0.37135727780873 0.37135727780873 0.37135727780873 0.37135727780873
0.335990355856823 0.335990355856823 0.335990355856823 0.335990355856823
0.359439263719635 0.359439263719635 0.359439263719635 0.359439263719635
0.390927785695893 0.390927785695893 0.390927785695893 0.390927785695893
0.354806267316693 0.354806267316693 0.354806267316693 0.354806267316693
0.333160550282151 0.333160550282151 0.333160550282151 0.333160550282151
0.333853984475487 0.333853984475487 0.333853984475487 0.333853984475487
0.370990347442023 0.370990347442023 0.370990347442023 0.370990347442023
0.33565519247716 0.33565519247716 0.33565519247716 0.33565519247716
0.352174250036565 0.352174250036565 0.352174250036565 0.352174250036565
0.342400280262061 0.342400280262061 0.342400280262061 0.342400280262061
0.336825420566533 0.336825420566533 0.336825420566533 0.336825420566533
0.315568479170245 0.315568479170245 0.315568479170245 0.315568479170245
0.366704166350061 0.366704166350061 0.366704166350061 0.366704166350061
0.358624649488917 0.358624649488917 0.358624649488917 0.358624649488917
0.363372435008461 0.363372435008461 0.363372435008461 0.363372435008461
0.329659504651056 0.329659504651056 0.329659504651056 0.329659504651056
0.37721397212295 0.37721397212295 0.37721397212295 0.37721397212295
0.368183630723121 0.368183630723121 0.368183630723121 0.368183630723121
0.356749318931222 0.356749318931222 0.356749318931222 0.356749318931222
0.3869761856035 0.3869761856035 0.3869761856035 0.3869761856035
0.343429013340085 0.343429013340085 0.343429013340085 0.343429013340085
0.358750236750403 0.358750236750403 0.358750236750403 0.358750236750403
0.31865539767593 0.31865539767593 0.31865539767593 0.31865539767593
0.347473501915584 0.347473501915584 0.347473501915584 0.347473501915584
0.313853072769532 0.313853072769532 0.313853072769532 0.313853072769532
0.337218606096224 0.337218606096224 0.337218606096224 0.337218606096224
0.389870309255014 0.389870309255014 0.389870309255014 0.389870309255014
0.391083258360949 0.391083258360949 0.391083258360949 0.391083258360949
0.350719793461857 0.350719793461857 0.350719793461857 0.350719793461857
0.342566500858466 0.342566500858466 0.342566500858466 0.342566500858466
0.375439732911096 0.375439732911096 0.375439732911096 0.375439732911096
0.341843170174073 0.341843170174073 0.341843170174073 0.341843170174073
0.336648635720839 0.336648635720839 0.336648635720839 0.336648635720839
0.353016697428468 0.353016697428468 0.353016697428468 0.353016697428468
0.357298437850664 0.357298437850664 0.357298437850664 0.357298437850664
0.334074142943789 0.334074142943789 0.334074142943789 0.334074142943789
0.336898148674807 0.336898148674807 0.336898148674807 0.336898148674807
0.340417456878625 0.340417456878625 0.340417456878625 0.340417456878625
0.314243677288692 0.314243677288692 0.314243677288692 0.314243677288692
0.316741309481543 0.316741309481543 0.316741309481543 0.316741309481543
0.368186853652747 0.368186853652747 0.368186853652747 0.368186853652747
0.335668792349344 0.335668792349344 0.335668792349344 0.335668792349344
0.366496529020814 0.366496529020814 0.366496529020814 0.366496529020814
0.385356794845398 0.385356794845398 0.385356794845398 0.385356794845398
0.310560009682446 0.310560009682446 0.310560009682446 0.310560009682446
0.356618336702407 0.356618336702407 0.356618336702407 0.356618336702407
0.389157576680505 0.389157576680505 0.389157576680505 0.389157576680505
0.368356297070359 0.368356297070359 0.368356297070359 0.368356297070359
0.332405766457808 0.332405766457808 0.332405766457808 0.332405766457808
0.332405766457808 0.332405766457808 0.332405766457808 0.332405766457808
0.369145192385962 0.369145192385962 0.369145192385962 0.369145192385962
0.32378738423345 0.32378738423345 0.32378738423345 0.32378738423345
0.34234264127042 0.34234264127042 0.34234264127042 0.34234264127042
0.302087197218734 0.302087197218734 0.302087197218734 0.302087197218734
0.336431786786108 0.336431786786108 0.336431786786108 0.336431786786108
0.373913695840515 0.373913695840515 0.373913695840515 0.373913695840515
0.313110976299918 0.313110976299918 0.313110976299918 0.313110976299918
0.335614417354815 0.335614417354815 0.335614417354815 0.335614417354815
0.302176845606941 0.302176845606941 0.302176845606941 0.302176845606941
0.333825283813815 0.333825283813815 0.333825283813815 0.333825283813815
0.372500615838899 0.372500615838899 0.372500615838899 0.372500615838899
0.359292843309771 0.359292843309771 0.359292843309771 0.359292843309771
0.364080695539954 0.364080695539954 0.364080695539954 0.364080695539954
0.364073713732953 0.364073713732953 0.364073713732953 0.364073713732953
0.515761964738986 0.515761964738986 0.515761964738986 0.515761964738986
0.541865536213546 0.541865536213546 0.541865536213546 0.541865536213546
0.622904266592589 0.622904266592589 0.622904266592589 0.622904266592589
0.911412178267292 0.911412178267292 0.911412178267292 0.911412178267292
0.696728171322227 0.696728171322227 0.696728171322227 0.696728171322227
0.619629416343841 0.619629416343841 0.619629416343841 0.619629416343841
0.628111679417247 0.628111679417247 0.628111679417247 0.628111679417247
0.768028282628433 0.768028282628433 0.768028282628433 0.768028282628433
0.687083581686455 0.687083581686455 0.687083581686455 0.687083581686455
0.729300042448682 0.729300042448682 0.729300042448682 0.729300042448682
0.702926121132974 0.702926121132974 0.702926121132974 0.702926121132974
0.780896622191355 0.780896622191355 0.780896622191355 0.780896622191355
1.21499735737371 1.21499735737371 1.21499735737371 1.21499735737371
1.16028945356726 1.16028945356726 1.16028945356726 1.16028945356726
0.765438033586325 0.765438033586325 0.765438033586325 0.765438033586325
0.924649159032556 0.924649159032556 0.924649159032556 0.924649159032556
0.900439309832496 0.900439309832496 0.900439309832496 0.900439309832496
0.570657745020364 0.570657745020364 0.570657745020364 0.570657745020364
0.638979465222665 0.638979465222665 0.638979465222665 0.638979465222665
0.537480884921279 0.537480884921279 0.537480884921279 0.537480884921279
0.630662458157813 0.630662458157813 0.630662458157813 0.630662458157813
0.645430064804995 0.645430064804995 0.645430064804995 0.645430064804995
0.47840475281503 0.47840475281503 0.47840475281503 0.47840475281503
0.471100535994455 0.471100535994455 0.471100535994455 0.471100535994455
0.648782250644559 0.648782250644559 0.648782250644559 0.648782250644559
0.595048401489812 0.595048401489812 0.595048401489812 0.595048401489812
0.821390489200489 0.821390489200489 0.821390489200489 0.821390489200489
0.824429067485294 0.824429067485294 0.824429067485294 0.824429067485294
0.8248379200957 0.8248379200957 0.8248379200957 0.8248379200957
0.970478249345385 0.970478249345385 0.970478249345385 0.970478249345385
0.996686728023205 0.996686728023205 0.996686728023205 0.996686728023205
0.90335470817206 0.90335470817206 0.90335470817206 0.90335470817206
0.580502861564262 0.580502861564262 0.580502861564262 0.580502861564262
0.742378310403006 0.742378310403006 0.742378310403006 0.742378310403006
0.91539767707868 0.91539767707868 0.91539767707868 0.91539767707868
1.06566922883671 1.06566922883671 1.06566922883671 1.06566922883671
0.891824745173227 0.891824745173227 0.891824745173227 0.891824745173227
1.09274948958992 1.09274948958992 1.09274948958992 1.09274948958992
1.27305423167976 1.27305423167976 1.27305423167976 1.27305423167976
1.30144829583985 1.30144829583985 1.30144829583985 1.30144829583985
1.15156212424077 1.15156212424077 1.15156212424077 1.15156212424077
1.31973713883223 1.31973713883223 1.31973713883223 1.31973713883223
1.01722278347314 1.01722278347314 1.01722278347314 1.01722278347314
0.814049368423309 0.814049368423309 0.814049368423309 0.814049368423309
0.815296853653982 0.815296853653982 0.815296853653982 0.815296853653982
0.892843153168421 0.892843153168421 0.892843153168421 0.892843153168421
0.923569022608548 0.923569022608548 0.923569022608548 0.923569022608548
0.953594358077181 0.953594358077181 0.953594358077181 0.953594358077181
0.946593171142113 0.946593171142113 0.946593171142113 0.946593171142113
0.837788175439843 0.837788175439843 0.837788175439843 0.837788175439843
0.923270692693191 0.923270692693191 0.923270692693191 0.923270692693191
0.83003494272515 0.83003494272515 0.83003494272515 0.83003494272515
0.469461015974204 0.469461015974204 0.469461015974204 0.469461015974204
0.582367836340484 0.582367836340484 0.582367836340484 0.582367836340484
0.789664469761434 0.789664469761434 0.789664469761434 0.789664469761434
0.887824745579464 0.887824745579464 0.887824745579464 0.887824745579464
0.837276893284651 0.837276893284651 0.837276893284651 0.837276893284651
0.538137075933403 0.538137075933403 0.538137075933403 0.538137075933403
0.60898727966232 0.60898727966232 0.60898727966232 0.60898727966232
0.637680884534605 0.637680884534605 0.637680884534605 0.637680884534605
0.512836284915334 0.512836284915334 0.512836284915334 0.512836284915334
0.608943903333252 0.608943903333252 0.608943903333252 0.608943903333252
0.619622861900999 0.619622861900999 0.619622861900999 0.619622861900999
0.641991574537624 0.641991574537624 0.641991574537624 0.641991574537624
0.717662633705414 0.717662633705414 0.717662633705414 0.717662633705414
0.795916728285899 0.795916728285899 0.795916728285899 0.795916728285899
0.721483253162843 0.721483253162843 0.721483253162843 0.721483253162843
0.715546761126544 0.715546761126544 0.715546761126544 0.715546761126544
0.72680536641156 0.72680536641156 0.72680536641156 0.72680536641156
0.844948234287166 0.844948234287166 0.844948234287166 0.844948234287166
0.849365438900374 0.849365438900374 0.849365438900374 0.849365438900374
0.860706268653079 0.860706268653079 0.860706268653079 0.860706268653079
1.15811049589182 1.15811049589182 1.15811049589182 1.15811049589182
0.740982204036109 0.740982204036109 0.740982204036109 0.740982204036109
0.780639068112585 0.780639068112585 0.780639068112585 0.780639068112585
0.836999177785962 0.836999177785962 0.836999177785962 0.836999177785962
0.70707350283178 0.70707350283178 0.70707350283178 0.70707350283178
0.745989282241932 0.745989282241932 0.745989282241932 0.745989282241932
1.18909312925583 1.18909312925583 1.18909312925583 1.18909312925583
0.749064703466591 0.749064703466591 0.749064703466591 0.749064703466591
1.14459572702217 1.14459572702217 1.14459572702217 1.14459572702217
1.0453524721765 1.0453524721765 1.0453524721765 1.0453524721765
1.59530374390229 1.59530374390229 1.59530374390229 1.59530374390229
1.42723946591315 1.42723946591315 1.42723946591315 1.42723946591315
1.24409566280117 1.24409566280117 1.24409566280117 1.24409566280117
1.02497258582279 1.02497258582279 1.02497258582279 1.02497258582279
1.04843120216028 1.04843120216028 1.04843120216028 1.04843120216028
1.09580971110065 1.09580971110065 1.09580971110065 1.09580971110065
0.999799370001679 0.999799370001679 0.999799370001679 0.999799370001679
0.859000475662422 0.859000475662422 0.859000475662422 0.859000475662422
0.927526673108047 0.927526673108047 0.927526673108047 0.927526673108047
0.820877553921044 0.820877553921044 0.820877553921044 0.820877553921044
0.807167197733703 0.807167197733703 0.807167197733703 0.807167197733703
0.622684858182543 0.622684858182543 0.622684858182543 0.622684858182543
0.799169565193527 0.799169565193527 0.799169565193527 0.799169565193527
0.703964768843413 0.703964768843413 0.703964768843413 0.703964768843413
0.716218553552873 0.716218553552873 0.716218553552873 0.716218553552873
0.744668859888976 0.744668859888976 0.744668859888976 0.744668859888976
0.884079125354038 0.884079125354038 0.884079125354038 0.884079125354038
1.37085616088558 1.37085616088558 1.37085616088558 1.37085616088558
1.3722525289797 1.3722525289797 1.3722525289797 1.3722525289797
1.23661496160595 1.23661496160595 1.23661496160595 1.23661496160595
1.09547353543863 1.09547353543863 1.09547353543863 1.09547353543863
1.31373839357991 1.31373839357991 1.31373839357991 1.31373839357991
1.65488448077069 1.65488448077069 1.65488448077069 1.65488448077069
1.05561723982975 1.05561723982975 1.05561723982975 1.05561723982975
1.12058924999585 1.12058924999585 1.12058924999585 1.12058924999585
0.91153391434925 0.91153391434925 0.91153391434925 0.91153391434925
1.09564127214072 1.09564127214072 1.09564127214072 1.09564127214072
0.986929881874983 0.986929881874983 0.986929881874983 0.986929881874983
1.45027437274881 1.45027437274881 1.45027437274881 1.45027437274881
1.41986474393648 1.41986474393648 1.41986474393648 1.41986474393648
1.12545348893344 1.12545348893344 1.12545348893344 1.12545348893344
1.05372355664144 1.05372355664144 1.05372355664144 1.05372355664144
0.748240842877068 0.748240842877068 0.748240842877068 0.748240842877068
0.951613348485861 0.951613348485861 0.951613348485861 0.951613348485861
0.904263759273993 0.904263759273993 0.904263759273993 0.904263759273993
0.633270969111014 0.633270969111014 0.633270969111014 0.633270969111014
0.877872131934913 0.877872131934913 0.877872131934913 0.877872131934913
1.46093821439599 1.46093821439599 1.46093821439599 1.46093821439599
0.672662497611102 0.672662497611102 0.672662497611102 0.672662497611102
1.02637685746079 1.02637685746079 1.02637685746079 1.02637685746079
0.967455315626537 0.967455315626537 0.967455315626537 0.967455315626537
1.05994866324889 1.05994866324889 1.05994866324889 1.05994866324889
1.15823787035146 1.15823787035146 1.15823787035146 1.15823787035146
1.08786485235889 1.08786485235889 1.08786485235889 1.08786485235889
0.929635726713779 0.929635726713779 0.929635726713779 0.929635726713779
1.20045023141396 1.20045023141396 1.20045023141396 1.20045023141396
1.10388758433323 1.10388758433323 1.10388758433323 1.10388758433323
1.25532429289599 1.25532429289599 1.25532429289599 1.25532429289599
1.00156540430574 1.00156540430574 1.00156540430574 1.00156540430574
1.16542419578597 1.16542419578597 1.16542419578597 1.16542419578597
1.07954385072908 1.07954385072908 1.07954385072908 1.07954385072908
1.09539638588842 1.09539638588842 1.09539638588842 1.09539638588842
0.907842582114269 0.907842582114269 0.907842582114269 0.907842582114269
1.05877940618489 1.05877940618489 1.05877940618489 1.05877940618489
0.779030311850424 0.779030311850424 0.779030311850424 0.779030311850424
1.15890147943454 1.15890147943454 1.15890147943454 1.15890147943454
1.19388092732674 1.19388092732674 1.19388092732674 1.19388092732674
1.45454367713092 1.45454367713092 1.45454367713092 1.45454367713092
1.11616182079257 1.11616182079257 1.11616182079257 1.11616182079257
1.05493235545821 1.05493235545821 1.05493235545821 1.05493235545821
1.00021488928215 1.00021488928215 1.00021488928215 1.00021488928215
0.906604042293701 0.906604042293701 0.906604042293701 0.906604042293701
0.808979338784309 0.808979338784309 0.808979338784309 0.808979338784309
0.617784647747636 0.617784647747636 0.617784647747636 0.617784647747636
0.71757969490505 0.71757969490505 0.71757969490505 0.71757969490505
0.899806876655478 0.899806876655478 0.899806876655478 0.899806876655478
0.660669205744916 0.660669205744916 0.660669205744916 0.660669205744916
0.691864166895581 0.691864166895581 0.691864166895581 0.691864166895581
0.511891612327169 0.511891612327169 0.511891612327169 0.511891612327169
0.689597351175471 0.689597351175471 0.689597351175471 0.689597351175471
0.685507032804276 0.685507032804276 0.685507032804276 0.685507032804276
0.711659250978681 0.711659250978681 0.711659250978681 0.711659250978681
0.673630393924829 0.673630393924829 0.673630393924829 0.673630393924829
0.699282521966569 0.699282521966569 0.699282521966569 0.699282521966569
0.822166277889824 0.822166277889824 0.822166277889824 0.822166277889824
0.964762137217375 0.964762137217375 0.964762137217375 0.964762137217375
0.709319274846256 0.709319274846256 0.709319274846256 0.709319274846256
0.791504546043785 0.791504546043785 0.791504546043785 0.791504546043785
1.12429959982079 1.12429959982079 1.12429959982079 1.12429959982079
1.06960622964563 1.06960622964563 1.06960622964563 1.06960622964563
0.950586302029572 0.950586302029572 0.950586302029572 0.950586302029572
0.824908988506639 0.824908988506639 0.824908988506639 0.824908988506639
0.712586590515898 0.712586590515898 0.712586590515898 0.712586590515898
0.672929747017754 0.672929747017754 0.672929747017754 0.672929747017754
1.01450981987379 1.01450981987379 1.01450981987379 1.01450981987379
0.768197116650028 0.768197116650028 0.768197116650028 0.768197116650028
1.11193220823116 1.11193220823116 1.11193220823116 1.11193220823116
1.03043684008437 1.03043684008437 1.03043684008437 1.03043684008437
0.960118843342127 0.960118843342127 0.960118843342127 0.960118843342127
1.11785696990047 1.11785696990047 1.11785696990047 1.11785696990047
1.50063009927748 1.50063009927748 1.50063009927748 1.50063009927748
0.797802890967292 0.797802890967292 0.797802890967292 0.797802890967292
0.794812140275831 0.794812140275831 0.794812140275831 0.794812140275831
0.903570876791977 0.903570876791977 0.903570876791977 0.903570876791977
0.862613724524639 0.862613724524639 0.862613724524639 0.862613724524639
1.00470644689656 1.00470644689656 1.00470644689656 1.00470644689656
0.780450334734609 0.780450334734609 0.780450334734609 0.780450334734609
0.962579166341762 0.962579166341762 0.962579166341762 0.962579166341762
0.850757071615605 0.850757071615605 0.850757071615605 0.850757071615605
0.595696152997076 0.595696152997076 0.595696152997076 0.595696152997076
0.737959250086524 0.737959250086524 0.737959250086524 0.737959250086524
0.990912154891769 0.990912154891769 0.990912154891769 0.990912154891769
0.750881397654433 0.750881397654433 0.750881397654433 0.750881397654433
0.841380919251211 0.841380919251211 0.841380919251211 0.841380919251211
0.850629878725584 0.850629878725584 0.850629878725584 0.850629878725584
1.19222242217994 1.19222242217994 1.19222242217994 1.19222242217994
1.20966184703412 1.20966184703412 1.20966184703412 1.20966184703412
0.98518823719083 0.98518823719083 0.98518823719083 0.98518823719083
0.636153565961207 0.636153565961207 0.636153565961207 0.636153565961207
0.964913908351414 0.964913908351414 0.964913908351414 0.964913908351414
0.641468909572144 0.641468909572144 0.641468909572144 0.641468909572144
0.640665702553946 0.640665702553946 0.640665702553946 0.640665702553946
0.835091045871638 0.835091045871638 0.835091045871638 0.835091045871638
1.0953279300775 1.0953279300775 1.0953279300775 1.0953279300775
0.957386428783561 0.957386428783561 0.957386428783561 0.957386428783561
0.674189695752126 0.674189695752126 0.674189695752126 0.674189695752126
0.676729459850922 0.676729459850922 0.676729459850922 0.676729459850922
0.970260301249786 0.970260301249786 0.970260301249786 0.970260301249786
0.619396417669225 0.619396417669225 0.619396417669225 0.619396417669225
0.970430133364425 0.970430133364425 0.970430133364425 0.970430133364425
0.938750033008047 0.938750033008047 0.938750033008047 0.938750033008047
0.704418767663367 0.704418767663367 0.704418767663367 0.704418767663367
0.979327010578914 0.979327010578914 0.979327010578914 0.979327010578914
0.698706562160135 0.698706562160135 0.698706562160135 0.698706562160135
0.586768732679845 0.586768732679845 0.586768732679845 0.586768732679845
0.976755920550534 0.976755920550534 0.976755920550534 0.976755920550534
0.949574574281236 0.949574574281236 0.949574574281236 0.949574574281236
0.754289016257613 0.754289016257613 0.754289016257613 0.754289016257613
0.734890158617906 0.734890158617906 0.734890158617906 0.734890158617906
0.816179532775302 0.816179532775302 0.816179532775302 0.816179532775302
0.985915862684521 0.985915862684521 0.985915862684521 0.985915862684521
1.02671358711047 1.02671358711047 1.02671358711047 1.02671358711047
0.935961625948357 0.935961625948357 0.935961625948357 0.935961625948357
1.17582663330932 1.17582663330932 1.17582663330932 1.17582663330932
1.06532304302273 1.06532304302273 1.06532304302273 1.06532304302273
0.956399742938185 0.956399742938185 0.956399742938185 0.956399742938185
1.02315239027481 1.02315239027481 1.02315239027481 1.02315239027481
1.07012622588603 1.07012622588603 1.07012622588603 1.07012622588603
1.08386508087534 1.08386508087534 1.08386508087534 1.08386508087534
1.2729021182213 1.2729021182213 1.2729021182213 1.2729021182213
1.27998262485219 1.27998262485219 1.27998262485219 1.27998262485219
1.23413075213252 1.23413075213252 1.23413075213252 1.23413075213252
1.11823455979672 1.11823455979672 1.11823455979672 1.11823455979672
0.990940502679494 0.990940502679494 0.990940502679494 0.990940502679494
1.19815299897347 1.19815299897347 1.19815299897347 1.19815299897347
0.997504252552475 0.997504252552475 0.997504252552475 0.997504252552475
1.13178583382049 1.13178583382049 1.13178583382049 1.13178583382049
1.20565138318443 1.20565138318443 1.20565138318443 1.20565138318443
1.18290231582947 1.18290231582947 1.18290231582947 1.18290231582947
1.02770101387856 1.02770101387856 1.02770101387856 1.02770101387856
1.07911716496373 1.07911716496373 1.07911716496373 1.07911716496373
1.36888932880734 1.36888932880734 1.36888932880734 1.36888932880734
1.07201740385898 1.07201740385898 1.07201740385898 1.07201740385898
1.49422710528968 1.49422710528968 1.49422710528968 1.49422710528968
1.27706560694102 1.27706560694102 1.27706560694102 1.27706560694102
1.01947107381578 1.01947107381578 1.01947107381578 1.01947107381578
1.23102839756563 1.23102839756563 1.23102839756563 1.23102839756563
1.06999497399637 1.06999497399637 1.06999497399637 1.06999497399637
1.27879322772538 1.27879322772538 1.27879322772538 1.27879322772538
1.28268430339267 1.28268430339267 1.28268430339267 1.28268430339267
1.12450500288814 1.12450500288814 1.12450500288814 1.12450500288814
1.24179284648166 1.24179284648166 1.24179284648166 1.24179284648166
0.891526046326883 0.891526046326883 0.891526046326883 0.891526046326883
0.872929880854222 0.872929880854222 0.872929880854222 0.872929880854222
0.863415868769706 0.863415868769706 0.863415868769706 0.863415868769706
0.681985537608497 0.681985537608497 0.681985537608497 0.681985537608497
0.855902973933733 0.855902973933733 0.855902973933733 0.855902973933733
0.916082046547455 0.916082046547455 0.916082046547455 0.916082046547455
1.19574628550878 1.19574628550878 1.19574628550878 1.19574628550878
1.50576409120579 1.50576409120579 1.50576409120579 1.50576409120579
1.1846244409268 1.1846244409268 1.1846244409268 1.1846244409268
1.27301937036968 1.27301937036968 1.27301937036968 1.27301937036968
1.32746585224478 1.32746585224478 1.32746585224478 1.32746585224478
1.1304650768546 1.1304650768546 1.1304650768546 1.1304650768546
1.27345556324013 1.27345556324013 1.27345556324013 1.27345556324013
0.768037144520417 0.768037144520417 0.768037144520417 0.768037144520417
0.482435386472679 0.482435386472679 0.482435386472679 0.482435386472679
0.562396184833282 0.562396184833282 0.562396184833282 0.562396184833282
0.600570840928835 0.600570840928835 0.600570840928835 0.600570840928835
0.638393748393242 0.638393748393242 0.638393748393242 0.638393748393242
0.892197632867203 0.892197632867203 0.892197632867203 0.892197632867203
0.762911486805674 0.762911486805674 0.762911486805674 0.762911486805674
1.13147364090801 1.13147364090801 1.13147364090801 1.13147364090801
0.910955399298828 0.910955399298828 0.910955399298828 0.910955399298828
0.844197835086604 0.844197835086604 0.844197835086604 0.844197835086604
0.849216033910915 0.849216033910915 0.849216033910915 0.849216033910915
0.73186432127542 0.73186432127542 0.73186432127542 0.73186432127542
0.822710308595671 0.822710308595671 0.822710308595671 0.822710308595671
0.961244802254363 0.961244802254363 0.961244802254363 0.961244802254363
0.612878954020139 0.612878954020139 0.612878954020139 0.612878954020139
0.753095829381742 0.753095829381742 0.753095829381742 0.753095829381742
0.677947425373194 0.677947425373194 0.677947425373194 0.677947425373194
0.57151633764995 0.57151633764995 0.57151633764995 0.57151633764995
0.806866065794913 0.806866065794913 0.806866065794913 0.806866065794913
0.761626967763558 0.761626967763558 0.761626967763558 0.761626967763558
0.877887460317563 0.877887460317563 0.877887460317563 0.877887460317563
0.733015652420349 0.733015652420349 0.733015652420349 0.733015652420349
0.752257637068179 0.752257637068179 0.752257637068179 0.752257637068179
0.861848886795863 0.861848886795863 0.861848886795863 0.861848886795863
0.851680232318049 0.851680232318049 0.851680232318049 0.851680232318049
0.710057155032003 0.710057155032003 0.710057155032003 0.710057155032003
0.679429760184236 0.679429760184236 0.679429760184236 0.679429760184236
0.965123076947479 0.965123076947479 0.965123076947479 0.965123076947479
0.841576015325015 0.841576015325015 0.841576015325015 0.841576015325015
1.03467825810476 1.03467825810476 1.03467825810476 1.03467825810476
0.968503093038331 0.968503093038331 0.968503093038331 0.968503093038331
0.827260745970693 0.827260745970693 0.827260745970693 0.827260745970693
1.09728157311344 1.09728157311344 1.09728157311344 1.09728157311344
1.17935332037246 1.17935332037246 1.17935332037246 1.17935332037246
1.45868640429628 1.45868640429628 1.45868640429628 1.45868640429628
1.16800521501201 1.16800521501201 1.16800521501201 1.16800521501201
0.62946328483086 0.62946328483086 0.62946328483086 0.62946328483086
0.806684836615274 0.806684836615274 0.806684836615274 0.806684836615274
0.87387876804023 0.87387876804023 0.87387876804023 0.87387876804023
0.978641797711887 0.978641797711887 0.978641797711887 0.978641797711887
0.9262915722141 0.9262915722141 0.9262915722141 0.9262915722141
0.89616526877055 0.89616526877055 0.89616526877055 0.89616526877055
1.07868305996971 1.07868305996971 1.07868305996971 1.07868305996971
0.843358995444496 0.843358995444496 0.843358995444496 0.843358995444496
1.06362074427053 1.06362074427053 1.06362074427053 1.06362074427053
0.96562865007756 0.96562865007756 0.96562865007756 0.96562865007756
1.04168640660202 1.04168640660202 1.04168640660202 1.04168640660202
0.867580012624988 0.867580012624988 0.867580012624988 0.867580012624988
0.703401102959751 0.703401102959751 0.703401102959751 0.703401102959751
0.962001318245213 0.962001318245213 0.962001318245213 0.962001318245213
1.02186859289108 1.02186859289108 1.02186859289108 1.02186859289108
0.85291499600721 0.85291499600721 0.85291499600721 0.85291499600721
1.23039557409401 1.23039557409401 1.23039557409401 1.23039557409401
1.25591844746273 1.25591844746273 1.25591844746273 1.25591844746273
1.37278455005118 1.37278455005118 1.37278455005118 1.37278455005118
1.14039162318342 1.14039162318342 1.14039162318342 1.14039162318342
1.22516310521394 1.22516310521394 1.22516310521394 1.22516310521394
1.40972037192561 1.40972037192561 1.40972037192561 1.40972037192561
1.23541964821615 1.23541964821615 1.23541964821615 1.23541964821615
1.16726609439849 1.16726609439849 1.16726609439849 1.16726609439849
1.20695151321117 1.20695151321117 1.20695151321117 1.20695151321117
1.01441597157705 1.01441597157705 1.01441597157705 1.01441597157705
0.742199490494454 0.742199490494454 0.742199490494454 0.742199490494454
0.625509494018181 0.625509494018181 0.625509494018181 0.625509494018181
0.695627284137417 0.695627284137417 0.695627284137417 0.695627284137417
0.631450585856642 0.631450585856642 0.631450585856642 0.631450585856642
1.00213822162053 1.00213822162053 1.00213822162053 1.00213822162053
1.0032090521551 1.0032090521551 1.0032090521551 1.0032090521551
0.877614540581504 0.877614540581504 0.877614540581504 0.877614540581504
1.1254680893963 1.1254680893963 1.1254680893963 1.1254680893963
1.07805495636108 1.07805495636108 1.07805495636108 1.07805495636108
0.843857463226586 0.843857463226586 0.843857463226586 0.843857463226586
0.918539690171992 0.918539690171992 0.918539690171992 0.918539690171992
0.875750555110255 0.875750555110255 0.875750555110255 0.875750555110255
0.689588293442046 0.689588293442046 0.689588293442046 0.689588293442046
0.623802274294837 0.623802274294837 0.623802274294837 0.623802274294837
0.737489330316986 0.737489330316986 0.737489330316986 0.737489330316986
0.753316880348729 0.753316880348729 0.753316880348729 0.753316880348729
0.706864522943783 0.706864522943783 0.706864522943783 0.706864522943783
0.920671729460044 0.920671729460044 0.920671729460044 0.920671729460044
1.28589744977231 1.28589744977231 1.28589744977231 1.28589744977231
0.903470878154657 0.903470878154657 0.903470878154657 0.903470878154657
1.05955630696299 1.05955630696299 1.05955630696299 1.05955630696299
1.01723726546649 1.01723726546649 1.01723726546649 1.01723726546649
0.997460149977082 0.997460149977082 0.997460149977082 0.997460149977082
0.877305450636094 0.877305450636094 0.877305450636094 0.877305450636094
0.767516126724298 0.767516126724298 0.767516126724298 0.767516126724298
0.965026742896772 0.965026742896772 0.965026742896772 0.965026742896772
1.51570164542046 1.51570164542046 1.51570164542046 1.51570164542046
1.45029072336702 1.45029072336702 1.45029072336702 1.45029072336702
1.11369373999724 1.11369373999724 1.11369373999724 1.11369373999724
0.956573956352398 0.956573956352398 0.956573956352398 0.956573956352398
1.00957740871748 1.00957740871748 1.00957740871748 1.00957740871748
1.23776599430868 1.23776599430868 1.23776599430868 1.23776599430868
0.872721456625578 0.872721456625578 0.872721456625578 0.872721456625578
0.724586543230165 0.724586543230165 0.724586543230165 0.724586543230165
0.757729400348636 0.757729400348636 0.757729400348636 0.757729400348636
1.36920939510881 1.36920939510881 1.36920939510881 1.36920939510881
1.22639848381353 1.22639848381353 1.22639848381353 1.22639848381353
0.721689435609879 0.721689435609879 0.721689435609879 0.721689435609879
0.81395058818152 0.81395058818152 0.81395058818152 0.81395058818152
0.530690618112004 0.530690618112004 0.530690618112004 0.530690618112004
0.676113317923023 0.676113317923023 0.676113317923023 0.676113317923023
0.816848601336942 0.816848601336942 0.816848601336942 0.816848601336942
0.74217725920979 0.74217725920979 0.74217725920979 0.74217725920979
0.692834861901689 0.692834861901689 0.692834861901689 0.692834861901689
0.971778226131725 0.971778226131725 0.971778226131725 0.971778226131725
0.575581539436768 0.575581539436768 0.575581539436768 0.575581539436768
0.988088691471574 0.988088691471574 0.988088691471574 0.988088691471574
1.21803742636478 1.21803742636478 1.21803742636478 1.21803742636478
1.31735165091695 1.31735165091695 1.31735165091695 1.31735165091695
0.999362421438998 0.999362421438998 0.999362421438998 0.999362421438998
1.113863779808 1.113863779808 1.113863779808 1.113863779808
1.01814387785836 1.01814387785836 1.01814387785836 1.01814387785836
1.1299724089317 1.1299724089317 1.1299724089317 1.1299724089317
1.07869169984364 1.07869169984364 1.07869169984364 1.07869169984364
0.670879439164138 0.670879439164138 0.670879439164138 0.670879439164138
0.678736455127026 0.678736455127026 0.678736455127026 0.678736455127026
0.955223243406274 0.955223243406274 0.955223243406274 0.955223243406274
0.722200072102977 0.722200072102977 0.722200072102977 0.722200072102977
0.868492805117673 0.868492805117673 0.868492805117673 0.868492805117673
1.0889338240922 1.0889338240922 1.0889338240922 1.0889338240922
1.10390301160302 1.10390301160302 1.10390301160302 1.10390301160302
0.716079987614154 0.716079987614154 0.716079987614154 0.716079987614154
1.04766874297239 1.04766874297239 1.04766874297239 1.04766874297239
1.04683238396604 1.04683238396604 1.04683238396604 1.04683238396604
1.0465524473447 1.0465524473447 1.0465524473447 1.0465524473447
1.33868939237603 1.33868939237603 1.33868939237603 1.33868939237603
1.18753865589598 1.18753865589598 1.18753865589598 1.18753865589598
0.962079248467172 0.962079248467172 0.962079248467172 0.962079248467172
1.0831571509558 1.0831571509558 1.0831571509558 1.0831571509558
0.888125693033951 0.888125693033951 0.888125693033951 0.888125693033951
1.09450043161065 1.09450043161065 1.09450043161065 1.09450043161065
1.13347891604903 1.13347891604903 1.13347891604903 1.13347891604903
0.952627159716537 0.952627159716537 0.952627159716537 0.952627159716537
1.53197139085552 1.53197139085552 1.53197139085552 1.53197139085552
1.6947220122729 1.6947220122729 1.6947220122729 1.6947220122729
1.71118928750945 1.71118928750945 1.71118928750945 1.71118928750945
1.59997354694132 1.59997354694132 1.59997354694132 1.59997354694132
1.31300265040125 1.31300265040125 1.31300265040125 1.31300265040125
0.970359339485812 0.970359339485812 0.970359339485812 0.970359339485812
0.669518445724988 0.669518445724988 0.669518445724988 0.669518445724988
0.816422591195626 0.816422591195626 0.816422591195626 0.816422591195626
1.26011152493817 1.26011152493817 1.26011152493817 1.26011152493817
1.04524559430286 1.04524559430286 1.04524559430286 1.04524559430286
0.745619319470412 0.745619319470412 0.745619319470412 0.745619319470412
1.23545879793546 1.23545879793546 1.23545879793546 1.23545879793546
1.32107929321069 1.32107929321069 1.32107929321069 1.32107929321069
0.939592167233732 0.939592167233732 0.939592167233732 0.939592167233732
0.872060615199394 0.872060615199394 0.872060615199394 0.872060615199394
0.732489610824595 0.732489610824595 0.732489610824595 0.732489610824595
0.609982683947898 0.609982683947898 0.609982683947898 0.609982683947898
0.849006269071084 0.849006269071084 0.849006269071084 0.849006269071084
1.23427052423835 1.23427052423835 1.23427052423835 1.23427052423835
0.995833653057889 0.995833653057889 0.995833653057889 0.995833653057889
1.56170645238874 1.56170645238874 1.56170645238874 1.56170645238874
1.07605145512845 1.07605145512845 1.07605145512845 1.07605145512845
0.873870753487283 0.873870753487283 0.873870753487283 0.873870753487283
1.26390628876887 1.26390628876887 1.26390628876887 1.26390628876887
1.10706628145064 1.10706628145064 1.10706628145064 1.10706628145064
1.22240439897282 1.22240439897282 1.22240439897282 1.22240439897282
0.935221238436457 0.935221238436457 0.935221238436457 0.935221238436457
0.896408939527065 0.896408939527065 0.896408939527065 0.896408939527065
0.861553592353478 0.861553592353478 0.861553592353478 0.861553592353478
1.1754628676552 1.1754628676552 1.1754628676552 1.1754628676552
0.985239449481539 0.985239449481539 0.985239449481539 0.985239449481539
1.20361936907134 1.20361936907134 1.20361936907134 1.20361936907134
0.97413135195447 0.97413135195447 0.97413135195447 0.97413135195447
0.839388830667535 0.839388830667535 0.839388830667535 0.839388830667535
0.72744236696033 0.72744236696033 0.72744236696033 0.72744236696033
1.22867811598196 1.22867811598196 1.22867811598196 1.22867811598196
0.840565783850125 0.840565783850125 0.840565783850125 0.840565783850125
0.950964586318933 0.950964586318933 0.950964586318933 0.950964586318933
1.02741852126988 1.02741852126988 1.02741852126988 1.02741852126988
0.952716687561174 0.952716687561174 0.952716687561174 0.952716687561174
0.941565921963363 0.941565921963363 0.941565921963363 0.941565921963363
1.07991549516288 1.07991549516288 1.07991549516288 1.07991549516288
0.94579936044525 0.94579936044525 0.94579936044525 0.94579936044525
1.04635539663007 1.04635539663007 1.04635539663007 1.04635539663007
1.14714342223343 1.14714342223343 1.14714342223343 1.14714342223343
0.90108664792006 0.90108664792006 0.90108664792006 0.90108664792006
0.553878582589201 0.553878582589201 0.553878582589201 0.553878582589201
0.770520714522021 0.770520714522021 0.770520714522021 0.770520714522021
0.81858851133192 0.81858851133192 0.81858851133192 0.81858851133192
1.2167783646122 1.2167783646122 1.2167783646122 1.2167783646122
0.931025180067944 0.931025180067944 0.931025180067944 0.931025180067944
0.844955030236111 0.844955030236111 0.844955030236111 0.844955030236111
0.759556490120401 0.759556490120401 0.759556490120401 0.759556490120401
0.603113543176885 0.603113543176885 0.603113543176885 0.603113543176885
0.774943818348633 0.774943818348633 0.774943818348633 0.774943818348633
0.843201311830437 0.843201311830437 0.843201311830437 0.843201311830437
1.03672189718634 1.03672189718634 1.03672189718634 1.03672189718634
0.53186551393843 0.53186551393843 0.53186551393843 0.53186551393843
0.571764856775134 0.571764856775134 0.571764856775134 0.571764856775134
0.633152412864458 0.633152412864458 0.633152412864458 0.633152412864458
0.702814332208656 0.702814332208656 0.702814332208656 0.702814332208656
0.910639276694706 0.910639276694706 0.910639276694706 0.910639276694706
1.03088625385803 1.03088625385803 1.03088625385803 1.03088625385803
0.692922536181876 0.692922536181876 0.692922536181876 0.692922536181876
0.804569581528163 0.804569581528163 0.804569581528163 0.804569581528163
0.589837555363996 0.589837555363996 0.589837555363996 0.589837555363996
0.589391116406466 0.589391116406466 0.589391116406466 0.589391116406466
0.616813975254016 0.616813975254016 0.616813975254016 0.616813975254016
0.667636669575034 0.667636669575034 0.667636669575034 0.667636669575034
0.477557356823898 0.477557356823898 0.477557356823898 0.477557356823898
0.629530977982965 0.629530977982965 0.629530977982965 0.629530977982965
0.888756697483939 0.888756697483939 0.888756697483939 0.888756697483939
0.953697460713908 0.953697460713908 0.953697460713908 0.953697460713908
1.08320767214447 1.08320767214447 1.08320767214447 1.08320767214447
1.11835123884814 1.11835123884814 1.11835123884814 1.11835123884814
0.951113127172036 0.951113127172036 0.951113127172036 0.951113127172036
1.14070654080741 1.14070654080741 1.14070654080741 1.14070654080741
0.955598237060944 0.955598237060944 0.955598237060944 0.955598237060944
1.33002540353128 1.33002540353128 1.33002540353128 1.33002540353128
1.30573707977159 1.30573707977159 1.30573707977159 1.30573707977159
1.08499240212866 1.08499240212866 1.08499240212866 1.08499240212866
1.08318250247687 1.08318250247687 1.08318250247687 1.08318250247687
1.24686459210115 1.24686459210115 1.24686459210115 1.24686459210115
1.35070755963594 1.35070755963594 1.35070755963594 1.35070755963594
1.44924649457235 1.44924649457235 1.44924649457235 1.44924649457235
1.56212796544086 1.56212796544086 1.56212796544086 1.56212796544086
1.14788940352927 1.14788940352927 1.14788940352927 1.14788940352927
1.46920484670238 1.46920484670238 1.46920484670238 1.46920484670238
1.45771223183956 1.45771223183956 1.45771223183956 1.45771223183956
1.09535569586288 1.09535569586288 1.09535569586288 1.09535569586288
1.01004917813039 1.01004917813039 1.01004917813039 1.01004917813039
0.987886224322106 0.987886224322106 0.987886224322106 0.987886224322106
1.0263367191816 1.0263367191816 1.0263367191816 1.0263367191816
1.01341351738783 1.01341351738783 1.01341351738783 1.01341351738783
1.0362349283832 1.0362349283832 1.0362349283832 1.0362349283832
0.96224650700949 0.96224650700949 0.96224650700949 0.96224650700949
0.764979471002921 0.764979471002921 0.764979471002921 0.764979471002921
0.918744988926962 0.918744988926962 0.918744988926962 0.918744988926962
1.39650315520994 1.39650315520994 1.39650315520994 1.39650315520994
1.11348147911195 1.11348147911195 1.11348147911195 1.11348147911195
1.02045122889973 1.02045122889973 1.02045122889973 1.02045122889973
0.624021890127859 0.624021890127859 0.624021890127859 0.624021890127859
0.764435924895065 0.764435924895065 0.764435924895065 0.764435924895065
0.638103381754597 0.638103381754597 0.638103381754597 0.638103381754597
0.744225340239818 0.744225340239818 0.744225340239818 0.744225340239818
0.888081595376929 0.888081595376929 0.888081595376929 0.888081595376929
0.728311092408798 0.728311092408798 0.728311092408798 0.728311092408798
1.09630483230583 1.09630483230583 1.09630483230583 1.09630483230583
0.969284628898181 0.969284628898181 0.969284628898181 0.969284628898181
1.10076076076919 1.10076076076919 1.10076076076919 1.10076076076919
0.616699073843562 0.616699073843562 0.616699073843562 0.616699073843562
0.842708703900254 0.842708703900254 0.842708703900254 0.842708703900254
1.34888903599612 1.34888903599612 1.34888903599612 1.34888903599612
1.48279140321455 1.48279140321455 1.48279140321455 1.48279140321455
1.10271308314499 1.10271308314499 1.10271308314499 1.10271308314499
0.915598845403157 0.915598845403157 0.915598845403157 0.915598845403157
0.914301756700145 0.914301756700145 0.914301756700145 0.914301756700145
1.05963662544119 1.05963662544119 1.05963662544119 1.05963662544119
0.980834894927999 0.980834894927999 0.980834894927999 0.980834894927999
0.936862899366837 0.936862899366837 0.936862899366837 0.936862899366837
0.689571269657764 0.689571269657764 0.689571269657764 0.689571269657764
0.73113572195533 0.73113572195533 0.73113572195533 0.73113572195533
0.979199606555301 0.979199606555301 0.979199606555301 0.979199606555301
0.941620002021941 0.941620002021941 0.941620002021941 0.941620002021941
0.761526148341529 0.761526148341529 0.761526148341529 0.761526148341529
0.604649176446534 0.604649176446534 0.604649176446534 0.604649176446534
0.58053904453483 0.58053904453483 0.58053904453483 0.58053904453483
1.06160410933988 1.06160410933988 1.06160410933988 1.06160410933988
1.04348713176458 1.04348713176458 1.04348713176458 1.04348713176458
0.766006205269051 0.766006205269051 0.766006205269051 0.766006205269051
0.810179676606951 0.810179676606951 0.810179676606951 0.810179676606951
0.621624844549275 0.621624844549275 0.621624844549275 0.621624844549275
0.601014452487728 0.601014452487728 0.601014452487728 0.601014452487728
0.589014838902429 0.589014838902429 0.589014838902429 0.589014838902429
0.876932049923551 0.876932049923551 0.876932049923551 0.876932049923551
1.00010196769434 1.00010196769434 1.00010196769434 1.00010196769434
0.893241258588603 0.893241258588603 0.893241258588603 0.893241258588603
1.11456574399798 1.11456574399798 1.11456574399798 1.11456574399798
1.25200573074888 1.25200573074888 1.25200573074888 1.25200573074888
1.02894072558698 1.02894072558698 1.02894072558698 1.02894072558698
1.029065325702 1.029065325702 1.029065325702 1.029065325702
0.912497141535737 0.912497141535737 0.912497141535737 0.912497141535737
0.919028801528551 0.919028801528551 0.919028801528551 0.919028801528551
1.07948698858634 1.07948698858634 1.07948698858634 1.07948698858634
0.898032829441898 0.898032829441898 0.898032829441898 0.898032829441898
1.05980882994304 1.05980882994304 1.05980882994304 1.05980882994304
1.1883122155051 1.1883122155051 1.1883122155051 1.1883122155051
1.1664113397572 1.1664113397572 1.1664113397572 1.1664113397572
1.12529525079196 1.12529525079196 1.12529525079196 1.12529525079196
1.48111410954191 1.48111410954191 1.48111410954191 1.48111410954191
1.43017795940698 1.43017795940698 1.43017795940698 1.43017795940698
1.38652294772277 1.38652294772277 1.38652294772277 1.38652294772277
0.906635891185475 0.906635891185475 0.906635891185475 0.906635891185475
0.678485553298615 0.678485553298615 0.678485553298615 0.678485553298615
0.47000544160314 0.47000544160314 0.47000544160314 0.47000544160314
0.381014030745807 0.381014030745807 0.381014030745807 0.381014030745807
0.801685309407834 0.801685309407834 0.801685309407834 0.801685309407834
0.884205579260599 0.884205579260599 0.884205579260599 0.884205579260599
0.591471138231011 0.591471138231011 0.591471138231011 0.591471138231011
0.631276548826749 0.631276548826749 0.631276548826749 0.631276548826749
0.761498967846299 0.761498967846299 0.761498967846299 0.761498967846299
0.929954504032734 0.929954504032734 0.929954504032734 0.929954504032734
0.552783449478352 0.552783449478352 0.552783449478352 0.552783449478352
0.564008692387895 0.564008692387895 0.564008692387895 0.564008692387895
0.591554602263016 0.591554602263016 0.591554602263016 0.591554602263016
0.69783757951669 0.69783757951669 0.69783757951669 0.69783757951669
0.691272856162224 0.691272856162224 0.691272856162224 0.691272856162224
0.888436033730624 0.888436033730624 0.888436033730624 0.888436033730624
1.10028738545208 1.10028738545208 1.10028738545208 1.10028738545208
1.07502849567651 1.07502849567651 1.07502849567651 1.07502849567651
1.04495154075876 1.04495154075876 1.04495154075876 1.04495154075876
0.930696829253991 0.930696829253991 0.930696829253991 0.930696829253991
0.823312383013895 0.823312383013895 0.823312383013895 0.823312383013895
0.625354924992165 0.625354924992165 0.625354924992165 0.625354924992165
0.587404710206847 0.587404710206847 0.587404710206847 0.587404710206847
0.815678061636035 0.815678061636035 0.815678061636035 0.815678061636035
0.997944365534544 0.997944365534544 0.997944365534544 0.997944365534544
0.863971148087423 0.863971148087423 0.863971148087423 0.863971148087423
1.18999255958553 1.18999255958553 1.18999255958553 1.18999255958553
0.848837368032189 0.848837368032189 0.848837368032189 0.848837368032189
0.715963904270857 0.715963904270857 0.715963904270857 0.715963904270857
0.813170350168878 0.813170350168878 0.813170350168878 0.813170350168878
0.709346931876945 0.709346931876945 0.709346931876945 0.709346931876945
0.789333980802209 0.789333980802209 0.789333980802209 0.789333980802209
0.67493459729665 0.67493459729665 0.67493459729665 0.67493459729665
0.827822289929981 0.827822289929981 0.827822289929981 0.827822289929981
0.94512058537168 0.94512058537168 0.94512058537168 0.94512058537168
1.1648109949607 1.1648109949607 1.1648109949607 1.1648109949607
1.1982885915017 1.1982885915017 1.1982885915017 1.1982885915017
0.931805518980193 0.931805518980193 0.931805518980193 0.931805518980193
0.648228345393859 0.648228345393859 0.648228345393859 0.648228345393859
0.874794297538178 0.874794297538178 0.874794297538178 0.874794297538178
0.726443707230389 0.726443707230389 0.726443707230389 0.726443707230389
0.640496508667682 0.640496508667682 0.640496508667682 0.640496508667682
0.857439860217004 0.857439860217004 0.857439860217004 0.857439860217004
0.85919722277115 0.85919722277115 0.85919722277115 0.85919722277115
1.15631329700008 1.15631329700008 1.15631329700008 1.15631329700008
1.16206329358642 1.16206329358642 1.16206329358642 1.16206329358642
1.05020733414477 1.05020733414477 1.05020733414477 1.05020733414477
1.0087293552681 1.0087293552681 1.0087293552681 1.0087293552681
1.07304967806306 1.07304967806306 1.07304967806306 1.07304967806306
1.18066781496497 1.18066781496497 1.18066781496497 1.18066781496497
1.09089032089511 1.09089032089511 1.09089032089511 1.09089032089511
0.857782820298934 0.857782820298934 0.857782820298934 0.857782820298934
1.04085055467658 1.04085055467658 1.04085055467658 1.04085055467658
0.836360662928492 0.836360662928492 0.836360662928492 0.836360662928492
0.980183198024434 0.980183198024434 0.980183198024434 0.980183198024434
0.803899776660032 0.803899776660032 0.803899776660032 0.803899776660032
0.730454363636271 0.730454363636271 0.730454363636271 0.730454363636271
0.780172579801432 0.780172579801432 0.780172579801432 0.780172579801432
0.884201437119072 0.884201437119072 0.884201437119072 0.884201437119072
0.635099034227935 0.635099034227935 0.635099034227935 0.635099034227935
0.613693917854078 0.613693917854078 0.613693917854078 0.613693917854078
0.627705513604086 0.627705513604086 0.627705513604086 0.627705513604086
0.80539878697522 0.80539878697522 0.80539878697522 0.80539878697522
0.751232657556474 0.751232657556474 0.751232657556474 0.751232657556474
0.766784815261951 0.766784815261951 0.766784815261951 0.766784815261951
0.937663832926693 0.937663832926693 0.937663832926693 0.937663832926693
1.07141131148868 1.07141131148868 1.07141131148868 1.07141131148868
0.827288163445709 0.827288163445709 0.827288163445709 0.827288163445709
0.727446654852306 0.727446654852306 0.727446654852306 0.727446654852306
0.974112389509517 0.974112389509517 0.974112389509517 0.974112389509517
1.05409649895046 1.05409649895046 1.05409649895046 1.05409649895046
1.19248105960715 1.19248105960715 1.19248105960715 1.19248105960715
1.25299969247605 1.25299969247605 1.25299969247605 1.25299969247605
0.967870065802319 0.967870065802319 0.967870065802319 0.967870065802319
0.92657856400438 0.92657856400438 0.92657856400438 0.92657856400438
1.23712150939236 1.23712150939236 1.23712150939236 1.23712150939236
1.15803069150621 1.15803069150621 1.15803069150621 1.15803069150621
1.06592476538228 1.06592476538228 1.06592476538228 1.06592476538228
1.19718371780597 1.19718371780597 1.19718371780597 1.19718371780597
0.999547592160743 0.999547592160743 0.999547592160743 0.999547592160743
1.02824199085805 1.02824199085805 1.02824199085805 1.02824199085805
0.784964709298146 0.784964709298146 0.784964709298146 0.784964709298146
1.06311624146116 1.06311624146116 1.06311624146116 1.06311624146116
1.23303594605534 1.23303594605534 1.23303594605534 1.23303594605534
1.02914231495248 1.02914231495248 1.02914231495248 1.02914231495248
0.97349802883572 0.97349802883572 0.97349802883572 0.97349802883572
1.09354019858773 1.09354019858773 1.09354019858773 1.09354019858773
0.905057582861829 0.905057582861829 0.905057582861829 0.905057582861829
1.19836000877813 1.19836000877813 1.19836000877813 1.19836000877813
1.15548277895368 1.15548277895368 1.15548277895368 1.15548277895368
1.29667080024612 1.29667080024612 1.29667080024612 1.29667080024612
0.94135401849097 0.94135401849097 0.94135401849097 0.94135401849097
0.933594698599938 0.933594698599938 0.933594698599938 0.933594698599938
1.28996270932518 1.28996270932518 1.28996270932518 1.28996270932518
1.38994357488015 1.38994357488015 1.38994357488015 1.38994357488015
1.12214361116261 1.12214361116261 1.12214361116261 1.12214361116261
1.30245028392684 1.30245028392684 1.30245028392684 1.30245028392684
1.21549899428703 1.21549899428703 1.21549899428703 1.21549899428703
0.977680509781117 0.977680509781117 0.977680509781117 0.977680509781117
0.811772226697554 0.811772226697554 0.811772226697554 0.811772226697554
1.03045183592712 1.03045183592712 1.03045183592712 1.03045183592712
1.11737326600549 1.11737326600549 1.11737326600549 1.11737326600549
0.965462309828325 0.965462309828325 0.965462309828325 0.965462309828325
1.11807643277708 1.11807643277708 1.11807643277708 1.11807643277708
1.06744199817887 1.06744199817887 1.06744199817887 1.06744199817887
1.22250691952414 1.22250691952414 1.22250691952414 1.22250691952414
0.891217771615196 0.891217771615196 0.891217771615196 0.891217771615196
0.789142042462182 0.789142042462182 0.789142042462182 0.789142042462182
1.08324452497123 1.08324452497123 1.08324452497123 1.08324452497123
0.751051212698065 0.751051212698065 0.751051212698065 0.751051212698065
1.01129863900131 1.01129863900131 1.01129863900131 1.01129863900131
0.770588069078512 0.770588069078512 0.770588069078512 0.770588069078512
0.815477740489923 0.815477740489923 0.815477740489923 0.815477740489923
0.858289864920502 0.858289864920502 0.858289864920502 0.858289864920502
0.739903463254842 0.739903463254842 0.739903463254842 0.739903463254842
0.784458768699426 0.784458768699426 0.784458768699426 0.784458768699426
1.13763027624954 1.13763027624954 1.13763027624954 1.13763027624954
0.899478345115739 0.899478345115739 0.899478345115739 0.899478345115739
1.15010182380581 1.15010182380581 1.15010182380581 1.15010182380581
0.919419963721769 0.919419963721769 0.919419963721769 0.919419963721769
0.834088665342232 0.834088665342232 0.834088665342232 0.834088665342232
0.682129587539869 0.682129587539869 0.682129587539869 0.682129587539869
0.780300822117168 0.780300822117168 0.780300822117168 0.780300822117168
0.920502503552677 0.920502503552677 0.920502503552677 0.920502503552677
1.05421126386661 1.05421126386661 1.05421126386661 1.05421126386661
0.93946380517154 0.93946380517154 0.93946380517154 0.93946380517154
1.08542474330874 1.08542474330874 1.08542474330874 1.08542474330874
0.987423361845236 0.987423361845236 0.987423361845236 0.987423361845236
0.922091279863022 0.922091279863022 0.922091279863022 0.922091279863022
0.91153026550727 0.91153026550727 0.91153026550727 0.91153026550727
1.01887722489662 1.01887722489662 1.01887722489662 1.01887722489662
0.815214355170611 0.815214355170611 0.815214355170611 0.815214355170611
0.683061416992114 0.683061416992114 0.683061416992114 0.683061416992114
1.16731127526323 1.16731127526323 1.16731127526323 1.16731127526323
1.02297961736351 1.02297961736351 1.02297961736351 1.02297961736351
0.850432812001309 0.850432812001309 0.850432812001309 0.850432812001309
0.91833979504095 0.91833979504095 0.91833979504095 0.91833979504095
0.981047452444333 0.981047452444333 0.981047452444333 0.981047452444333
1.05015830906518 1.05015830906518 1.05015830906518 1.05015830906518
0.951044921096963 0.951044921096963 0.951044921096963 0.951044921096963
0.969301415297425 0.969301415297425 0.969301415297425 0.969301415297425
0.997008648186033 0.997008648186033 0.997008648186033 0.997008648186033
0.891528814900473 0.891528814900473 0.891528814900473 0.891528814900473
1.00457183008234 1.00457183008234 1.00457183008234 1.00457183008234
0.909245315993396 0.909245315993396 0.909245315993396 0.909245315993396
1.09550501644003 1.09550501644003 1.09550501644003 1.09550501644003
1.17160783495316 1.17160783495316 1.17160783495316 1.17160783495316
0.844611084359982 0.844611084359982 0.844611084359982 0.844611084359982
0.844329423998872 0.844329423998872 0.844329423998872 0.844329423998872
1.13717924231944 1.13717924231944 1.13717924231944 1.13717924231944
0.799735272925826 0.799735272925826 0.799735272925826 0.799735272925826
1.03998381794339 1.03998381794339 1.03998381794339 1.03998381794339
1.01476155963594 1.01476155963594 1.01476155963594 1.01476155963594
1.03311451728617 1.03311451728617 1.03311451728617 1.03311451728617
0.952159913297503 0.952159913297503 0.952159913297503 0.952159913297503
0.73353103381747 0.73353103381747 0.73353103381747 0.73353103381747
0.781774164314898 0.781774164314898 0.781774164314898 0.781774164314898
0.685613700190069 0.685613700190069 0.685613700190069 0.685613700190069
0.778761378773291 0.778761378773291 0.778761378773291 0.778761378773291
0.842421209147279 0.842421209147279 0.842421209147279 0.842421209147279
0.771541826180349 0.771541826180349 0.771541826180349 0.771541826180349
0.919339522598804 0.919339522598804 0.919339522598804 0.919339522598804
0.841719345013141 0.841719345013141 0.841719345013141 0.841719345013141
0.676119991279153 0.676119991279153 0.676119991279153 0.676119991279153
0.711455462994932 0.711455462994932 0.711455462994932 0.711455462994932
0.709956492612621 0.709956492612621 0.709956492612621 0.709956492612621
0.757537495925199 0.757537495925199 0.757537495925199 0.757537495925199
0.639604803316654 0.639604803316654 0.639604803316654 0.639604803316654
0.836410097751939 0.836410097751939 0.836410097751939 0.836410097751939
0.859624655106626 0.859624655106626 0.859624655106626 0.859624655106626
0.819357911430481 0.819357911430481 0.819357911430481 0.819357911430481
0.875079460087771 0.875079460087771 0.875079460087771 0.875079460087771
0.899419806594778 0.899419806594778 0.899419806594778 0.899419806594778
0.82114258218013 0.82114258218013 0.82114258218013 0.82114258218013
0.858876758367736 0.858876758367736 0.858876758367736 0.858876758367736
1.01062146816407 1.01062146816407 1.01062146816407 1.01062146816407
1.00310812138834 1.00310812138834 1.00310812138834 1.00310812138834
0.913281696557725 0.913281696557725 0.913281696557725 0.913281696557725
0.740325115411862 0.740325115411862 0.740325115411862 0.740325115411862
0.761958538475181 0.761958538475181 0.761958538475181 0.761958538475181
0.962315937898287 0.962315937898287 0.962315937898287 0.962315937898287
0.900954212562971 0.900954212562971 0.900954212562971 0.900954212562971
0.687071047363822 0.687071047363822 0.687071047363822 0.687071047363822
0.672190636861095 0.672190636861095 0.672190636861095 0.672190636861095
1.09045159560825 1.09045159560825 1.09045159560825 1.09045159560825
0.607665276941693 0.607665276941693 0.607665276941693 0.607665276941693
0.737598292359831 0.737598292359831 0.737598292359831 0.737598292359831
0.907025437885137 0.907025437885137 0.907025437885137 0.907025437885137
0.707443972355601 0.707443972355601 0.707443972355601 0.707443972355601
0.693617741718878 0.693617741718878 0.693617741718878 0.693617741718878
0.755492468090436 0.755492468090436 0.755492468090436 0.755492468090436
0.675086634925441 0.675086634925441 0.675086634925441 0.675086634925441
0.931987466965854 0.931987466965854 0.931987466965854 0.931987466965854
0.829021071583371 0.829021071583371 0.829021071583371 0.829021071583371
0.857110126672383 0.857110126672383 0.857110126672383 0.857110126672383
0.971797065801724 0.971797065801724 0.971797065801724 0.971797065801724
0.909867098091013 0.909867098091013 0.909867098091013 0.909867098091013
0.796350209510618 0.796350209510618 0.796350209510618 0.796350209510618
0.705502839168843 0.705502839168843 0.705502839168843 0.705502839168843
0.818838043264625 0.818838043264625 0.818838043264625 0.818838043264625
1.29907128242017 1.29907128242017 1.29907128242017 1.29907128242017
1.61264110444538 1.61264110444538 1.61264110444538 1.61264110444538
1.74657925787399 1.74657925787399 1.74657925787399 1.74657925787399
1.65897461924672 1.65897461924672 1.65897461924672 1.65897461924672
1.83990357396532 1.83990357396532 1.83990357396532 1.83990357396532
1.76173287676776 1.76173287676776 1.76173287676776 1.76173287676776
1.61607954515778 1.61607954515778 1.61607954515778 1.61607954515778
1.36421170049069 1.36421170049069 1.36421170049069 1.36421170049069
1.20624339936788 1.20624339936788 1.20624339936788 1.20624339936788
1.29371619486842 1.29371619486842 1.29371619486842 1.29371619486842
1.38966269515701 1.38966269515701 1.38966269515701 1.38966269515701
1.23535537963346 1.23535537963346 1.23535537963346 1.23535537963346
1.15774101651261 1.15774101651261 1.15774101651261 1.15774101651261
0.936661712003739 0.936661712003739 0.936661712003739 0.936661712003739
1.10571768954093 1.10571768954093 1.10571768954093 1.10571768954093
0.980710347524529 0.980710347524529 0.980710347524529 0.980710347524529
1.17254365465533 1.17254365465533 1.17254365465533 1.17254365465533
0.92191343206982 0.92191343206982 0.92191343206982 0.92191343206982
0.651094226927437 0.651094226927437 0.651094226927437 0.651094226927437
0.973071960147789 0.973071960147789 0.973071960147789 0.973071960147789
0.839459603265258 0.839459603265258 0.839459603265258 0.839459603265258
0.853742835142228 0.853742835142228 0.853742835142228 0.853742835142228
0.967844028139802 0.967844028139802 0.967844028139802 0.967844028139802
0.952751675669504 0.952751675669504 0.952751675669504 0.952751675669504
0.940923006219568 0.940923006219568 0.940923006219568 0.940923006219568
0.84452520557067 0.84452520557067 0.84452520557067 0.84452520557067
0.798715357776937 0.798715357776937 0.798715357776937 0.798715357776937
0.61579972343525 0.61579972343525 0.61579972343525 0.61579972343525
0.588320432609997 0.588320432609997 0.588320432609997 0.588320432609997
0.648655081196998 0.648655081196998 0.648655081196998 0.648655081196998
0.817726713984825 0.817726713984825 0.817726713984825 0.817726713984825
0.593408445288476 0.593408445288476 0.593408445288476 0.593408445288476
0.69486849472657 0.69486849472657 0.69486849472657 0.69486849472657
0.596349477716888 0.596349477716888 0.596349477716888 0.596349477716888
0.722939056070992 0.722939056070992 0.722939056070992 0.722939056070992
0.828930619328182 0.828930619328182 0.828930619328182 0.828930619328182
0.68192544026427 0.68192544026427 0.68192544026427 0.68192544026427
0.960412276140605 0.960412276140605 0.960412276140605 0.960412276140605
0.978265264659284 0.978265264659284 0.978265264659284 0.978265264659284
1.10387119315509 1.10387119315509 1.10387119315509 1.10387119315509
0.990793172051358 0.990793172051358 0.990793172051358 0.990793172051358
1.00579151231296 1.00579151231296 1.00579151231296 1.00579151231296
0.98408103312548 0.98408103312548 0.98408103312548 0.98408103312548
0.665764371954152 0.665764371954152 0.665764371954152 0.665764371954152
0.909787064090271 0.909787064090271 0.909787064090271 0.909787064090271
0.965331805630382 0.965331805630382 0.965331805630382 0.965331805630382
1.19244756842252 1.19244756842252 1.19244756842252 1.19244756842252
1.14283778172799 1.14283778172799 1.14283778172799 1.14283778172799
0.979866106278834 0.979866106278834 0.979866106278834 0.979866106278834
1.24951601763711 1.24951601763711 1.24951601763711 1.24951601763711
1.35961601113713 1.35961601113713 1.35961601113713 1.35961601113713
1.10848160966423 1.10848160966423 1.10848160966423 1.10848160966423
1.0996025085131 1.0996025085131 1.0996025085131 1.0996025085131
1.04852274725567 1.04852274725567 1.04852274725567 1.04852274725567
1.08999040215919 1.08999040215919 1.08999040215919 1.08999040215919
1.26684934789461 1.26684934789461 1.26684934789461 1.26684934789461
1.30047623549929 1.30047623549929 1.30047623549929 1.30047623549929
1.16625541253328 1.16625541253328 1.16625541253328 1.16625541253328
1.07439342527182 1.07439342527182 1.07439342527182 1.07439342527182
1.13103064010201 1.13103064010201 1.13103064010201 1.13103064010201
1.20430229664456 1.20430229664456 1.20430229664456 1.20430229664456
0.892035861689031 0.892035861689031 0.892035861689031 0.892035861689031
0.912028676289301 0.912028676289301 0.912028676289301 0.912028676289301
0.709910623323912 0.709910623323912 0.709910623323912 0.709910623323912
0.613461150426985 0.613461150426985 0.613461150426985 0.613461150426985
0.685276621978751 0.685276621978751 0.685276621978751 0.685276621978751
0.715384668061591 0.715384668061591 0.715384668061591 0.715384668061591
