23151.49354237 23151.49354237 23151.49354237 23151.49354237
22984.339283456 22984.339283456 22984.339283456 22984.339283456
22018.3723540812 22018.3723540812 22018.3723540812 22018.3723540812
20708.0008784373 20708.0008784373 20708.0008784373 20708.0008784373
20642.4980646227 20642.4980646227 20642.4980646227 20642.4980646227
21240.2093061989 21240.2093061989 21240.2093061989 21240.2093061989
20962.0710341349 20962.0710341349 20962.0710341349 20962.0710341349
20160.5483866371 20160.5483866371 20160.5483866371 20160.5483866371
21472.7503483221 21472.7503483221 21472.7503483221 21472.7503483221
21767.7398071584 21767.7398071584 21767.7398071584 21767.7398071584
21789.3500331071 21789.3500331071 21789.3500331071 21789.3500331071
20942.2522115356 20942.2522115356 20942.2522115356 20942.2522115356
20735.6123174682 20735.6123174682 20735.6123174682 20735.6123174682
21896.35039167 21896.35039167 21896.35039167 21896.35039167
21805.467873233 21805.467873233 21805.467873233 21805.467873233
21002.5125664244 21002.5125664244 21002.5125664244 21002.5125664244
21173.2718522482 21173.2718522482 21173.2718522482 21173.2718522482
21042.049202411 21042.049202411 21042.049202411 21042.049202411
20558.5909187413 20558.5909187413 20558.5909187413 20558.5909187413
20555.7727300903 20555.7727300903 20555.7727300903 20555.7727300903
20450.9287272596 20450.9287272596 20450.9287272596 20450.9287272596
19910.985340717 19910.985340717 19910.985340717 19910.985340717
20499.331536752 20499.331536752 20499.331536752 20499.331536752
20213.3237719082 20213.3237719082 20213.3237719082 20213.3237719082
20490.4709642886 20490.4709642886 20490.4709642886 20490.4709642886
20459.2682803178 20459.2682803178 20459.2682803178 20459.2682803178
20722.0622129805 20722.0622129805 20722.0622129805 20722.0622129805
21621.8309009134 21621.8309009134 21621.8309009134 21621.8309009134
21681.4147346396 21681.4147346396 21681.4147346396 21681.4147346396
21796.4425217035 21796.4425217035 21796.4425217035 21796.4425217035
21371.4076076447 21371.4076076447 21371.4076076447 21371.4076076447
21821.4686907623 21821.4686907623 21821.4686907623 21821.4686907623
22520.8154948241 22520.8154948241 22520.8154948241 22520.8154948241
22430.5344743685 22430.5344743685 22430.5344743685 22430.5344743685
21743.3253600445 21743.3253600445 21743.3253600445 21743.3253600445
21734.1558162482 21734.1558162482 21734.1558162482 21734.1558162482
22331.3186709605 22331.3186709605 22331.3186709605 22331.3186709605
22511.6784790746 22511.6784790746 22511.6784790746 22511.6784790746
22394.3519361488 22394.3519361488 22394.3519361488 22394.3519361488
22827.0070784771 22827.0070784771 22827.0070784771 22827.0070784771
23132.4573794274 23132.4573794274 23132.4573794274 23132.4573794274
22929.8260694927 22929.8260694927 22929.8260694927 22929.8260694927
22401.6425743648 22401.6425743648 22401.6425743648 22401.6425743648
21955.4427882072 21955.4427882072 21955.4427882072 21955.4427882072
23457.6610151469 23457.6610151469 23457.6610151469 23457.6610151469
22334.2503218883 22334.2503218883 22334.2503218883 22334.2503218883
22190.5853889295 22190.5853889295 22190.5853889295 22190.5853889295
21552.8241366255 21552.8241366255 21552.8241366255 21552.8241366255
20771.6590913786 20771.6590913786 20771.6590913786 20771.6590913786
20748.8989501637 20748.8989501637 20748.8989501637 20748.8989501637
20544.4146904257 20544.4146904257 20544.4146904257 20544.4146904257
19519.0740333171 19519.0740333171 19519.0740333171 19519.0740333171
19406.096913587 19406.096913587 19406.096913587 19406.096913587
18154.5540473294 18154.5540473294 18154.5540473294 18154.5540473294
18727.2070601934 18727.2070601934 18727.2070601934 18727.2070601934
19188.2686931827 19188.2686931827 19188.2686931827 19188.2686931827
19078.377602881 19078.377602881 19078.377602881 19078.377602881
18354.9597777961 18354.9597777961 18354.9597777961 18354.9597777961
19374.3691737919 19374.3691737919 19374.3691737919 19374.3691737919
19546.0510972186 19546.0510972186 19546.0510972186 19546.0510972186
19508.8718183101 19508.8718183101 19508.8718183101 19508.8718183101
19914.8189077922 19914.8189077922 19914.8189077922 19914.8189077922
20441.5815201423 20441.5815201423 20441.5815201423 20441.5815201423
20864.1332435031 20864.1332435031 20864.1332435031 20864.1332435031
21023.0751014338 21023.0751014338 21023.0751014338 21023.0751014338
20061.976520515 20061.976520515 20061.976520515 20061.976520515
19987.9741657232 19987.9741657232 19987.9741657232 19987.9741657232
19284.6707935394 19284.6707935394 19284.6707935394 19284.6707935394
19472.0711434806 19472.0711434806 19472.0711434806 19472.0711434806
18955.90779237 18955.90779237 18955.90779237 18955.90779237
19681.3858296872 19681.3858296872 19681.3858296872 19681.3858296872
18869.4027023617 18869.4027023617 18869.4027023617 18869.4027023617
17959.6865917868 17959.6865917868 17959.6865917868 17959.6865917868
17118.165043392 17118.165043392 17118.165043392 17118.165043392
17395.3718443504 17395.3718443504 17395.3718443504 17395.3718443504
17061.8787604731 17061.8787604731 17061.8787604731 17061.8787604731
17236.5529657152 17236.5529657152 17236.5529657152 17236.5529657152
18269.5623315535 18269.5623315535 18269.5623315535 18269.5623315535
18611.8299179438 18611.8299179438 18611.8299179438 18611.8299179438
18550.7297706102 18550.7297706102 18550.7297706102 18550.7297706102
18229.766687518 18229.766687518 18229.766687518 18229.766687518
18921.9112253109 18921.9112253109 18921.9112253109 18921.9112253109
19259.2418892217 19259.2418892217 19259.2418892217 19259.2418892217
19575.0696939533 19575.0696939533 19575.0696939533 19575.0696939533
19948.8422732698 19948.8422732698 19948.8422732698 19948.8422732698
18683.9422192085 18683.9422192085 18683.9422192085 18683.9422192085
18266.9905497877 18266.9905497877 18266.9905497877 18266.9905497877
18072.0247781074 18072.0247781074 18072.0247781074 18072.0247781074
19423.1741812189 19423.1741812189 19423.1741812189 19423.1741812189
16911.711049034 16911.711049034 16911.711049034 16911.711049034
18251.6411731684 18251.6411731684 18251.6411731684 18251.6411731684
18623.3000012346 18623.3000012346 18623.3000012346 18623.3000012346
19586.8904393842 19586.8904393842 19586.8904393842 19586.8904393842
19717.6229598044 19717.6229598044 19717.6229598044 19717.6229598044
19088.3839571912 19088.3839571912 19088.3839571912 19088.3839571912
19255.4561945254 19255.4561945254 19255.4561945254 19255.4561945254
19599.6661098924 19599.6661098924 19599.6661098924 19599.6661098924
18432.2013348039 18432.2013348039 18432.2013348039 18432.2013348039
18261.9036008794 18261.9036008794 18261.9036008794 18261.9036008794
18110.2911153776 18110.2911153776 18110.2911153776 18110.2911153776
18344.1969812225 18344.1969812225 18344.1969812225 18344.1969812225
19185.3434006225 19185.3434006225 19185.3434006225 19185.3434006225
19006.4146720767 19006.4146720767 19006.4146720767 19006.4146720767
18883.0681034519 18883.0681034519 18883.0681034519 18883.0681034519
19071.7463894924 19071.7463894924 19071.7463894924 19071.7463894924
18239.2269399762 18239.2269399762 18239.2269399762 18239.2269399762
18955.7839686323 18955.7839686323 18955.7839686323 18955.7839686323
18861.1907461478 18861.1907461478 18861.1907461478 18861.1907461478
20207.2783036672 20207.2783036672 20207.2783036672 20207.2783036672
20153.6148874312 20153.6148874312 20153.6148874312 20153.6148874312
21024.7583731987 21024.7583731987 21024.7583731987 21024.7583731987
21125.3654955619 21125.3654955619 21125.3654955619 21125.3654955619
21541.8400063349 21541.8400063349 21541.8400063349 21541.8400063349
21947.3908484913 21947.3908484913 21947.3908484913 21947.3908484913
22912.9052193855 22912.9052193855 22912.9052193855 22912.9052193855
22249.1560502908 22249.1560502908 22249.1560502908 22249.1560502908
21962.6925962387 21962.6925962387 21962.6925962387 21962.6925962387
22849.2012708992 22849.2012708992 22849.2012708992 22849.2012708992
23615.8477128461 23615.8477128461 23615.8477128461 23615.8477128461
22820.7250808782 22820.7250808782 22820.7250808782 22820.7250808782
23374.358532618 23374.358532618 23374.358532618 23374.358532618
23601.4680383289 23601.4680383289 23601.4680383289 23601.4680383289
23124.4652954258 23124.4652954258 23124.4652954258 23124.4652954258
21396.2317215214 21396.2317215214 21396.2317215214 21396.2317215214
20853.9101563326 20853.9101563326 20853.9101563326 20853.9101563326
20170.7963773232 20170.7963773232 20170.7963773232 20170.7963773232
20423.2341087894 20423.2341087894 20423.2341087894 20423.2341087894
21226.6371902783 21226.6371902783 21226.6371902783 21226.6371902783
20177.488663859 20177.488663859 20177.488663859 20177.488663859
19456.9146972299 19456.9146972299 19456.9146972299 19456.9146972299
20194.8914865621 20194.8914865621 20194.8914865621 20194.8914865621
18458.5405357897 18458.5405357897 18458.5405357897 18458.5405357897
18701.4618356341 18701.4618356341 18701.4618356341 18701.4618356341
18198.7984043272 18198.7984043272 18198.7984043272 18198.7984043272
17474.92341424 17474.92341424 17474.92341424 17474.92341424
17621.7957535306 17621.7957535306 17621.7957535306 17621.7957535306
18415.6658083524 18415.6658083524 18415.6658083524 18415.6658083524
19005.3821193245 19005.3821193245 19005.3821193245 19005.3821193245
19397.1598682245 19397.1598682245 19397.1598682245 19397.1598682245
18664.1186435484 18664.1186435484 18664.1186435484 18664.1186435484
18128.01148112 18128.01148112 18128.01148112 18128.01148112
18632.7454227181 18632.7454227181 18632.7454227181 18632.7454227181
18819.1516391186 18819.1516391186 18819.1516391186 18819.1516391186
20237.3818574581 20237.3818574581 20237.3818574581 20237.3818574581
20646.714769557 20646.714769557 20646.714769557 20646.714769557
20172.8184602259 20172.8184602259 20172.8184602259 20172.8184602259
19548.7349974628 19548.7349974628 19548.7349974628 19548.7349974628
19542.5426878957 19542.5426878957 19542.5426878957 19542.5426878957
19414.1739545146 19414.1739545146 19414.1739545146 19414.1739545146
19210.0264893578 19210.0264893578 19210.0264893578 19210.0264893578
18533.2229354614 18533.2229354614 18533.2229354614 18533.2229354614
17938.3151477691 17938.3151477691 17938.3151477691 17938.3151477691
17447.9085289589 17447.9085289589 17447.9085289589 17447.9085289589
16932.6035296113 16932.6035296113 16932.6035296113 16932.6035296113
16794.2543024014 16794.2543024014 16794.2543024014 16794.2543024014
16998.8579814915 16998.8579814915 16998.8579814915 16998.8579814915
15984.9201363429 15984.9201363429 15984.9201363429 15984.9201363429
15552.9326698441 15552.9326698441 15552.9326698441 15552.9326698441
16584.8972158894 16584.8972158894 16584.8972158894 16584.8972158894
16233.9698508936 16233.9698508936 16233.9698508936 16233.9698508936
17059.6090660197 17059.6090660197 17059.6090660197 17059.6090660197
17053.688754557 17053.688754557 17053.688754557 17053.688754557
17112.2209153714 17112.2209153714 17112.2209153714 17112.2209153714
17255.6425841024 17255.6425841024 17255.6425841024 17255.6425841024
17542.4357378078 17542.4357378078 17542.4357378078 17542.4357378078
16371.8410901358 16371.8410901358 16371.8410901358 16371.8410901358
17775.5376616884 17775.5376616884 17775.5376616884 17775.5376616884
18413.5915876312 18413.5915876312 18413.5915876312 18413.5915876312
19576.0678588321 19576.0678588321 19576.0678588321 19576.0678588321
18935.244659636 18935.244659636 18935.244659636 18935.244659636
19186.3892342861 19186.3892342861 19186.3892342861 19186.3892342861
19801.8679986987 19801.8679986987 19801.8679986987 19801.8679986987
19688.1155832515 19688.1155832515 19688.1155832515 19688.1155832515
20284.9644830225 20284.9644830225 20284.9644830225 20284.9644830225
20525.5490104796 20525.5490104796 20525.5490104796 20525.5490104796
21673.7212613075 21673.7212613075 21673.7212613075 21673.7212613075
21449.7441447637 21449.7441447637 21449.7441447637 21449.7441447637
20555.5575249057 20555.5575249057 20555.5575249057 20555.5575249057
20703.4443594389 20703.4443594389 20703.4443594389 20703.4443594389
20490.0080504775 20490.0080504775 20490.0080504775 20490.0080504775
20849.0612815378 20849.0612815378 20849.0612815378 20849.0612815378
21178.7223510273 21178.7223510273 21178.7223510273 21178.7223510273
20737.736891729 20737.736891729 20737.736891729 20737.736891729
21673.4913941017 21673.4913941017 21673.4913941017 21673.4913941017
21244.2380491382 21244.2380491382 21244.2380491382 21244.2380491382
20981.5034361809 20981.5034361809 20981.5034361809 20981.5034361809
21008.5443401913 21008.5443401913 21008.5443401913 21008.5443401913
21085.1873533563 21085.1873533563 21085.1873533563 21085.1873533563
20578.4456895265 20578.4456895265 20578.4456895265 20578.4456895265
21006.7197552106 21006.7197552106 21006.7197552106 21006.7197552106
20265.1141539625 20265.1141539625 20265.1141539625 20265.1141539625
20224.4262925901 20224.4262925901 20224.4262925901 20224.4262925901
20187.8597194055 20187.8597194055 20187.8597194055 20187.8597194055
19882.3377287549 19882.3377287549 19882.3377287549 19882.3377287549
19954.4190176316 19954.4190176316 19954.4190176316 19954.4190176316
20378.5583094406 20378.5583094406 20378.5583094406 20378.5583094406
19883.1104490435 19883.1104490435 19883.1104490435 19883.1104490435
20417.8259186153 20417.8259186153 20417.8259186153 20417.8259186153
20897.7398684406 20897.7398684406 20897.7398684406 20897.7398684406
20503.2972990007 20503.2972990007 20503.2972990007 20503.2972990007
20582.6634608165 20582.6634608165 20582.6634608165 20582.6634608165
20607.8557220451 20607.8557220451 20607.8557220451 20607.8557220451
21209.8914268883 21209.8914268883 21209.8914268883 21209.8914268883
21298.1470676547 21298.1470676547 21298.1470676547 21298.1470676547
20564.6547211749 20564.6547211749 20564.6547211749 20564.6547211749
21231.8372567887 21231.8372567887 21231.8372567887 21231.8372567887
21325.039832653 21325.039832653 21325.039832653 21325.039832653
21999.1583252832 21999.1583252832 21999.1583252832 21999.1583252832
22309.0392936204 22309.0392936204 22309.0392936204 22309.0392936204
22053.2480702057 22053.2480702057 22053.2480702057 22053.2480702057
23222.4045295582 23222.4045295582 23222.4045295582 23222.4045295582
22326.1080805911 22326.1080805911 22326.1080805911 22326.1080805911
21586.5956484312 21586.5956484312 21586.5956484312 21586.5956484312
21165.4059376152 21165.4059376152 21165.4059376152 21165.4059376152
22306.7893968956 22306.7893968956 22306.7893968956 22306.7893968956
21528.0418260489 21528.0418260489 21528.0418260489 21528.0418260489
22269.089049022 22269.089049022 22269.089049022 22269.089049022
24237.5108552046 24237.5108552046 24237.5108552046 24237.5108552046
24157.2233346956 24157.2233346956 24157.2233346956 24157.2233346956
25474.6143289689 25474.6143289689 25474.6143289689 25474.6143289689
24497.2091357713 24497.2091357713 24497.2091357713 24497.2091357713
23768.4993908873 23768.4993908873 23768.4993908873 23768.4993908873
22867.5063446263 22867.5063446263 22867.5063446263 22867.5063446263
23446.1806647535 23446.1806647535 23446.1806647535 23446.1806647535
22561.0134028794 22561.0134028794 22561.0134028794 22561.0134028794
22770.2298631342 22770.2298631342 22770.2298631342 22770.2298631342
23160.6976211103 23160.6976211103 23160.6976211103 23160.6976211103
22781.5806021349 22781.5806021349 22781.5806021349 22781.5806021349
21983.3909290312 21983.3909290312 21983.3909290312 21983.3909290312
22054.0726591789 22054.0726591789 22054.0726591789 22054.0726591789
20195.4214570654 20195.4214570654 20195.4214570654 20195.4214570654
20088.8745442786 20088.8745442786 20088.8745442786 20088.8745442786
19061.4448981092 19061.4448981092 19061.4448981092 19061.4448981092
19947.254135973 19947.254135973 19947.254135973 19947.254135973
22198.6462543892 22198.6462543892 22198.6462543892 22198.6462543892
22820.4519577324 22820.4519577324 22820.4519577324 22820.4519577324
23202.2461502981 23202.2461502981 23202.2461502981 23202.2461502981
23035.8292918596 23035.8292918596 23035.8292918596 23035.8292918596
22620.5683614603 22620.5683614603 22620.5683614603 22620.5683614603
21974.0764320784 21974.0764320784 21974.0764320784 21974.0764320784
21715.4810663286 21715.4810663286 21715.4810663286 21715.4810663286
22734.7262355456 22734.7262355456 22734.7262355456 22734.7262355456
23129.6010080505 23129.6010080505 23129.6010080505 23129.6010080505
24083.1743627368 24083.1743627368 24083.1743627368 24083.1743627368
23867.2721653017 23867.2721653017 23867.2721653017 23867.2721653017
23069.0866685317 23069.0866685317 23069.0866685317 23069.0866685317
23446.1579007964 23446.1579007964 23446.1579007964 23446.1579007964
22916.7627183998 22916.7627183998 22916.7627183998 22916.7627183998
22524.7818973173 22524.7818973173 22524.7818973173 22524.7818973173
21538.4401389154 21538.4401389154 21538.4401389154 21538.4401389154
20993.7316199993 20993.7316199993 20993.7316199993 20993.7316199993
21532.214290858 21532.214290858 21532.214290858 21532.214290858
21456.7303237251 21456.7303237251 21456.7303237251 21456.7303237251
21362.867615476 21362.867615476 21362.867615476 21362.867615476
20903.526424297 20903.526424297 20903.526424297 20903.526424297
22376.0000198134 22376.0000198134 22376.0000198134 22376.0000198134
23383.0450707761 23383.0450707761 23383.0450707761 23383.0450707761
22237.7820543061 22237.7820543061 22237.7820543061 22237.7820543061
22226.3677705209 22226.3677705209 22226.3677705209 22226.3677705209
21310.0493218349 21310.0493218349 21310.0493218349 21310.0493218349
21538.3062112957 21538.3062112957 21538.3062112957 21538.3062112957
20497.0287232953 20497.0287232953 20497.0287232953 20497.0287232953
19707.2683393311 19707.2683393311 19707.2683393311 19707.2683393311
19713.4407047809 19713.4407047809 19713.4407047809 19713.4407047809
20342.5154249941 20342.5154249941 20342.5154249941 20342.5154249941
20226.4611230169 20226.4611230169 20226.4611230169 20226.4611230169
21201.704854142 21201.704854142 21201.704854142 21201.704854142
20226.3112519376 20226.3112519376 20226.3112519376 20226.3112519376
20416.5738244973 20416.5738244973 20416.5738244973 20416.5738244973
19803.4842360923 19803.4842360923 19803.4842360923 19803.4842360923
20340.5736494117 20340.5736494117 20340.5736494117 20340.5736494117
20606.4825787188 20606.4825787188 20606.4825787188 20606.4825787188
21025.5245239434 21025.5245239434 21025.5245239434 21025.5245239434
21151.7969157155 21151.7969157155 21151.7969157155 21151.7969157155
22045.6193129065 22045.6193129065 22045.6193129065 22045.6193129065
21161.3873165657 21161.3873165657 21161.3873165657 21161.3873165657
20589.0048917343 20589.0048917343 20589.0048917343 20589.0048917343
19441.3099967051 19441.3099967051 19441.3099967051 19441.3099967051
19688.9890734453 19688.9890734453 19688.9890734453 19688.9890734453
19648.2973256877 19648.2973256877 19648.2973256877 19648.2973256877
19156.1560892905 19156.1560892905 19156.1560892905 19156.1560892905
19185.0866388298 19185.0866388298 19185.0866388298 19185.0866388298
19713.7657574606 19713.7657574606 19713.7657574606 19713.7657574606
19265.1502773434 19265.1502773434 19265.1502773434 19265.1502773434
19130.655861795 19130.655861795 19130.655861795 19130.655861795
18276.9212721265 18276.9212721265 18276.9212721265 18276.9212721265
18101.0517124857 18101.0517124857 18101.0517124857 18101.0517124857
18824.2324116767 18824.2324116767 18824.2324116767 18824.2324116767
19748.3065960224 19748.3065960224 19748.3065960224 19748.3065960224
19785.7385873347 19785.7385873347 19785.7385873347 19785.7385873347
19842.0525127546 19842.0525127546 19842.0525127546 19842.0525127546
21436.1165633271 21436.1165633271 21436.1165633271 21436.1165633271
20780.6861557014 20780.6861557014 20780.6861557014 20780.6861557014
20675.6591645143 20675.6591645143 20675.6591645143 20675.6591645143
20001.0591519983 20001.0591519983 20001.0591519983 20001.0591519983
20062.5996338443 20062.5996338443 20062.5996338443 20062.5996338443
20378.375022729 20378.375022729 20378.375022729 20378.375022729
20394.5882611218 20394.5882611218 20394.5882611218 20394.5882611218
19988.6891226441 19988.6891226441 19988.6891226441 19988.6891226441
20430.1627002696 20430.1627002696 20430.1627002696 20430.1627002696
20443.8664671526 20443.8664671526 20443.8664671526 20443.8664671526
21001.9841101562 21001.9841101562 21001.9841101562 21001.9841101562
20730.1535824248 20730.1535824248 20730.1535824248 20730.1535824248
21866.9487561001 21866.9487561001 21866.9487561001 21866.9487561001
22211.1495940116 22211.1495940116 22211.1495940116 22211.1495940116
23079.5165811328 23079.5165811328 23079.5165811328 23079.5165811328
22645.746335968 22645.746335968 22645.746335968 22645.746335968
23422.0345595922 23422.0345595922 23422.0345595922 23422.0345595922
23634.718567259 23634.718567259 23634.718567259 23634.718567259
23839.7022216702 23839.7022216702 23839.7022216702 23839.7022216702
24140.1267447529 24140.1267447529 24140.1267447529 24140.1267447529
25241.3181094228 25241.3181094228 25241.3181094228 25241.3181094228
25084.2086810057 25084.2086810057 25084.2086810057 25084.2086810057
25457.513624523 25457.513624523 25457.513624523 25457.513624523
26648.2784001142 26648.2784001142 26648.2784001142 26648.2784001142
27502.4233091862 27502.4233091862 27502.4233091862 27502.4233091862
27222.1521843444 27222.1521843444 27222.1521843444 27222.1521843444
27404.9513175507 27404.9513175507 27404.9513175507 27404.9513175507
27472.8967617314 27472.8967617314 27472.8967617314 27472.8967617314
27633.9787679405 27633.9787679405 27633.9787679405 27633.9787679405
27603.6621230134 27603.6621230134 27603.6621230134 27603.6621230134
26324.2558963818 26324.2558963818 26324.2558963818 26324.2558963818
26034.687589012 26034.687589012 26034.687589012 26034.687589012
25892.7899653455 25892.7899653455 25892.7899653455 25892.7899653455
25124.0606212601 25124.0606212601 25124.0606212601 25124.0606212601
24716.4013258177 24716.4013258177 24716.4013258177 24716.4013258177
24206.5553903479 24206.5553903479 24206.5553903479 24206.5553903479
26363.0064990152 26363.0064990152 26363.0064990152 26363.0064990152
26321.450327816 26321.450327816 26321.450327816 26321.450327816
26384.6069762633 26384.6069762633 26384.6069762633 26384.6069762633
27081.3930180587 27081.3930180587 27081.3930180587 27081.3930180587
26241.2351806591 26241.2351806591 26241.2351806591 26241.2351806591
26204.7506310831 26204.7506310831 26204.7506310831 26204.7506310831
26363.3355661281 26363.3355661281 26363.3355661281 26363.3355661281
25932.9054110863 25932.9054110863 25932.9054110863 25932.9054110863
25437.9461436331 25437.9461436331 25437.9461436331 25437.9461436331
25885.1253376193 25885.1253376193 25885.1253376193 25885.1253376193
25716.9639802932 25716.9639802932 25716.9639802932 25716.9639802932
25438.9831731791 25438.9831731791 25438.9831731791 25438.9831731791
26272.7943748634 26272.7943748634 26272.7943748634 26272.7943748634
26707.2088397165 26707.2088397165 26707.2088397165 26707.2088397165
27249.4672987021 27249.4672987021 27249.4672987021 27249.4672987021
27126.4074977252 27126.4074977252 27126.4074977252 27126.4074977252
27609.0007307442 27609.0007307442 27609.0007307442 27609.0007307442
27844.719685528 27844.719685528 27844.719685528 27844.719685528
28320.3225227516 28320.3225227516 28320.3225227516 28320.3225227516
28885.3838776999 28885.3838776999 28885.3838776999 28885.3838776999
29504.8142303962 29504.8142303962 29504.8142303962 29504.8142303962
29506.240097258 29506.240097258 29506.240097258 29506.240097258
30603.0743483081 30603.0743483081 30603.0743483081 30603.0743483081
31203.374237038 31203.374237038 31203.374237038 31203.374237038
31333.0824264617 31333.0824264617 31333.0824264617 31333.0824264617
30762.3254861279 30762.3254861279 30762.3254861279 30762.3254861279
31177.2381288263 31177.2381288263 31177.2381288263 31177.2381288263
30613.3802662105 30613.3802662105 30613.3802662105 30613.3802662105
29564.54096429 29564.54096429 29564.54096429 29564.54096429
29843.2376646724 29843.2376646724 29843.2376646724 29843.2376646724
30396.2966793911 30396.2966793911 30396.2966793911 30396.2966793911
30317.845530059 30317.845530059 30317.845530059 30317.845530059
31406.9386218313 31406.9386218313 31406.9386218313 31406.9386218313
31871.6262995422 31871.6262995422 31871.6262995422 31871.6262995422
31698.2884300056 31698.2884300056 31698.2884300056 31698.2884300056
31833.4007408064 31833.4007408064 31833.4007408064 31833.4007408064
32585.6829283727 32585.6829283727 32585.6829283727 32585.6829283727
32515.491853745 32515.491853745 32515.491853745 32515.491853745
32540.0108531027 32540.0108531027 32540.0108531027 32540.0108531027
32498.6038075713 32498.6038075713 32498.6038075713 32498.6038075713
33152.189235233 33152.189235233 33152.189235233 33152.189235233
33414.728883573 33414.728883573 33414.728883573 33414.728883573
33303.8329646359 33303.8329646359 33303.8329646359 33303.8329646359
33655.1794799043 33655.1794799043 33655.1794799043 33655.1794799043
34046.9792235067 34046.9792235067 34046.9792235067 34046.9792235067
34106.3916556336 34106.3916556336 34106.3916556336 34106.3916556336
34866.9926267633 34866.9926267633 34866.9926267633 34866.9926267633
34954.7607816226 34954.7607816226 34954.7607816226 34954.7607816226
35028.7028053275 35028.7028053275 35028.7028053275 35028.7028053275
34568.7629820417 34568.7629820417 34568.7629820417 34568.7629820417
34768.1379579646 34768.1379579646 34768.1379579646 34768.1379579646
35009.493419327 35009.493419327 35009.493419327 35009.493419327
34665.8477143858 34665.8477143858 34665.8477143858 34665.8477143858
34532.0884489045 34532.0884489045 34532.0884489045 34532.0884489045
34918.1029795861 34918.1029795861 34918.1029795861 34918.1029795861
35849.7442819652 35849.7442819652 35849.7442819652 35849.7442819652
37310.3471192247 37310.3471192247 37310.3471192247 37310.3471192247
38084.256905326 38084.256905326 38084.256905326 38084.256905326
37268.7029144649 37268.7029144649 37268.7029144649 37268.7029144649
37704.5198451983 37704.5198451983 37704.5198451983 37704.5198451983
37139.9192656444 37139.9192656444 37139.9192656444 37139.9192656444
36581.4692253454 36581.4692253454 36581.4692253454 36581.4692253454
37596.6262811577 37596.6262811577 37596.6262811577 37596.6262811577
35488.5784290263 35488.5784290263 35488.5784290263 35488.5784290263
36283.1943932734 36283.1943932734 36283.1943932734 36283.1943932734
36275.744601351 36275.744601351 36275.744601351 36275.744601351
35919.270400229 35919.270400229 35919.270400229 35919.270400229
36823.4582397984 36823.4582397984 36823.4582397984 36823.4582397984
35946.7692011436 35946.7692011436 35946.7692011436 35946.7692011436
34935.5711469539 34935.5711469539 34935.5711469539 34935.5711469539
34907.3329232194 34907.3329232194 34907.3329232194 34907.3329232194
34117.085433681 34117.085433681 34117.085433681 34117.085433681
35431.9437983183 35431.9437983183 35431.9437983183 35431.9437983183
35841.2743691202 35841.2743691202 35841.2743691202 35841.2743691202
36241.942920163 36241.942920163 36241.942920163 36241.942920163
36438.7762870442 36438.7762870442 36438.7762870442 36438.7762870442
37061.7721065035 37061.7721065035 37061.7721065035 37061.7721065035
37800.5844458518 37800.5844458518 37800.5844458518 37800.5844458518
38450.2732940101 38450.2732940101 38450.2732940101 38450.2732940101
38720.3185545645 38720.3185545645 38720.3185545645 38720.3185545645
38299.5992963577 38299.5992963577 38299.5992963577 38299.5992963577
36605.2150403205 36605.2150403205 36605.2150403205 36605.2150403205
35546.328728429 35546.328728429 35546.328728429 35546.328728429
34897.0720500023 34897.0720500023 34897.0720500023 34897.0720500023
34242.7280227574 34242.7280227574 34242.7280227574 34242.7280227574
34283.0270195863 34283.0270195863 34283.0270195863 34283.0270195863
34614.1635340117 34614.1635340117 34614.1635340117 34614.1635340117
33472.8010446933 33472.8010446933 33472.8010446933 33472.8010446933
33799.415517586 33799.415517586 33799.415517586 33799.415517586
33497.5362269848 33497.5362269848 33497.5362269848 33497.5362269848
33161.0910678865 33161.0910678865 33161.0910678865 33161.0910678865
32482.8417445319 32482.8417445319 32482.8417445319 32482.8417445319
33053.2574207883 33053.2574207883 33053.2574207883 33053.2574207883
33228.7985954545 33228.7985954545 33228.7985954545 33228.7985954545
31974.8674959278 31974.8674959278 31974.8674959278 31974.8674959278
31531.2814504347 31531.2814504347 31531.2814504347 31531.2814504347
30830.6832922243 30830.6832922243 30830.6832922243 30830.6832922243
30586.3554471247 30586.3554471247 30586.3554471247 30586.3554471247
30004.9339036057 30004.9339036057 30004.9339036057 30004.9339036057
30260.4792260572 30260.4792260572 30260.4792260572 30260.4792260572
28763.2511377462 28763.2511377462 28763.2511377462 28763.2511377462
29480.2949319229 29480.2949319229 29480.2949319229 29480.2949319229
29396.9277489105 29396.9277489105 29396.9277489105 29396.9277489105
28171.4575276149 28171.4575276149 28171.4575276149 28171.4575276149
26772.4845114311 26772.4845114311 26772.4845114311 26772.4845114311
26931.4450627153 26931.4450627153 26931.4450627153 26931.4450627153
27240.8897653038 27240.8897653038 27240.8897653038 27240.8897653038
27992.2728476757 27992.2728476757 27992.2728476757 27992.2728476757
28076.900584733 28076.900584733 28076.900584733 28076.900584733
27775.1210614336 27775.1210614336 27775.1210614336 27775.1210614336
27651.5038828342 27651.5038828342 27651.5038828342 27651.5038828342
27517.750799849 27517.750799849 27517.750799849 27517.750799849
29107.5167440386 29107.5167440386 29107.5167440386 29107.5167440386
28018.9437329782 28018.9437329782 28018.9437329782 28018.9437329782
27266.4162075666 27266.4162075666 27266.4162075666 27266.4162075666
27313.0156213942 27313.0156213942 27313.0156213942 27313.0156213942
27661.6269354977 27661.6269354977 27661.6269354977 27661.6269354977
27408.6260633719 27408.6260633719 27408.6260633719 27408.6260633719
26503.2282891119 26503.2282891119 26503.2282891119 26503.2282891119
26450.1397851712 26450.1397851712 26450.1397851712 26450.1397851712
28010.8873740399 28010.8873740399 28010.8873740399 28010.8873740399
29009.0401916771 29009.0401916771 29009.0401916771 29009.0401916771
29236.5322864492 29236.5322864492 29236.5322864492 29236.5322864492
29020.4010262148 29020.4010262148 29020.4010262148 29020.4010262148
28670.3902428666 28670.3902428666 28670.3902428666 28670.3902428666
29988.8047663065 29988.8047663065 29988.8047663065 29988.8047663065
30945.5784976507 30945.5784976507 30945.5784976507 30945.5784976507
33075.9209003932 33075.9209003932 33075.9209003932 33075.9209003932
33479.3254803355 33479.3254803355 33479.3254803355 33479.3254803355
32896.8073012367 32896.8073012367 32896.8073012367 32896.8073012367
32733.4690532483 32733.4690532483 32733.4690532483 32733.4690532483
33148.9342143828 33148.9342143828 33148.9342143828 33148.9342143828
34000.1899180347 34000.1899180347 34000.1899180347 34000.1899180347
33695.8225341734 33695.8225341734 33695.8225341734 33695.8225341734
33401.5921772994 33401.5921772994 33401.5921772994 33401.5921772994
33096.2505185615 33096.2505185615 33096.2505185615 33096.2505185615
32479.2538212284 32479.2538212284 32479.2538212284 32479.2538212284
32613.2691939567 32613.2691939567 32613.2691939567 32613.2691939567
32639.3888419127 32639.3888419127 32639.3888419127 32639.3888419127
32301.5635230091 32301.5635230091 32301.5635230091 32301.5635230091
32417.4968688582 32417.4968688582 32417.4968688582 32417.4968688582
32037.7425779313 32037.7425779313 32037.7425779313 32037.7425779313
32051.1928748615 32051.1928748615 32051.1928748615 32051.1928748615
31681.6003083638 31681.6003083638 31681.6003083638 31681.6003083638
32083.085846953 32083.085846953 32083.085846953 32083.085846953
31061.7144288072 31061.7144288072 31061.7144288072 31061.7144288072
31482.5762644626 31482.5762644626 31482.5762644626 31482.5762644626
32180.0399667557 32180.0399667557 32180.0399667557 32180.0399667557
32592.5092951331 32592.5092951331 32592.5092951331 32592.5092951331
31996.3648624012 31996.3648624012 31996.3648624012 31996.3648624012
32239.2915213903 32239.2915213903 32239.2915213903 32239.2915213903
31101.4934910184 31101.4934910184 31101.4934910184 31101.4934910184
30792.1077989717 30792.1077989717 30792.1077989717 30792.1077989717
30185.7298942629 30185.7298942629 30185.7298942629 30185.7298942629
29473.0154900461 29473.0154900461 29473.0154900461 29473.0154900461
29495.9426379677 29495.9426379677 29495.9426379677 29495.9426379677
29103.6666249511 29103.6666249511 29103.6666249511 29103.6666249511
29016.4896647666 29016.4896647666 29016.4896647666 29016.4896647666
28045.2998084327 28045.2998084327 28045.2998084327 28045.2998084327
27141.543049722 27141.543049722 27141.543049722 27141.543049722
27335.5978371715 27335.5978371715 27335.5978371715 27335.5978371715
26924.7321959593 26924.7321959593 26924.7321959593 26924.7321959593
27234.1814708973 27234.1814708973 27234.1814708973 27234.1814708973
28243.0214505607 28243.0214505607 28243.0214505607 28243.0214505607
27364.9638888009 27364.9638888009 27364.9638888009 27364.9638888009
27203.6820937192 27203.6820937192 27203.6820937192 27203.6820937192
28074.5675014682 28074.5675014682 28074.5675014682 28074.5675014682
28573.1715046685 28573.1715046685 28573.1715046685 28573.1715046685
29446.0437084382 29446.0437084382 29446.0437084382 29446.0437084382
28958.4247431239 28958.4247431239 28958.4247431239 28958.4247431239
28839.7780310192 28839.7780310192 28839.7780310192 28839.7780310192
28206.473294039 28206.473294039 28206.473294039 28206.473294039
27691.3368569005 27691.3368569005 27691.3368569005 27691.3368569005
28807.3768890841 28807.3768890841 28807.3768890841 28807.3768890841
28870.8316475312 28870.8316475312 28870.8316475312 28870.8316475312
28443.600583521 28443.600583521 28443.600583521 28443.600583521
29371.571020114 29371.571020114 29371.571020114 29371.571020114
29554.5366698717 29554.5366698717 29554.5366698717 29554.5366698717
28703.7691706655 28703.7691706655 28703.7691706655 28703.7691706655
28110.5956189165 28110.5956189165 28110.5956189165 28110.5956189165
28213.7493970968 28213.7493970968 28213.7493970968 28213.7493970968
27926.347242134 27926.347242134 27926.347242134 27926.347242134
27652.7607418764 27652.7607418764 27652.7607418764 27652.7607418764
26474.270980124 26474.270980124 26474.270980124 26474.270980124
26866.6605822177 26866.6605822177 26866.6605822177 26866.6605822177
26604.0226614441 26604.0226614441 26604.0226614441 26604.0226614441
27125.4684508335 27125.4684508335 27125.4684508335 27125.4684508335
27794.5536457465 27794.5536457465 27794.5536457465 27794.5536457465
27727.9529724153 27727.9529724153 27727.9529724153 27727.9529724153
26951.3840850064 26951.3840850064 26951.3840850064 26951.3840850064
27127.3873438268 27127.3873438268 27127.3873438268 27127.3873438268
27932.6054772314 27932.6054772314 27932.6054772314 27932.6054772314
28791.8585999809 28791.8585999809 28791.8585999809 28791.8585999809
29081.6113114788 29081.6113114788 29081.6113114788 29081.6113114788
29488.9367749784 29488.9367749784 29488.9367749784 29488.9367749784
29833.7567931299 29833.7567931299 29833.7567931299 29833.7567931299
29682.1713029646 29682.1713029646 29682.1713029646 29682.1713029646
28996.4364215411 28996.4364215411 28996.4364215411 28996.4364215411
28609.3614096147 28609.3614096147 28609.3614096147 28609.3614096147
27841.4116594708 27841.4116594708 27841.4116594708 27841.4116594708
29173.847220767 29173.847220767 29173.847220767 29173.847220767
30123.4996114069 30123.4996114069 30123.4996114069 30123.4996114069
29840.4486265496 29840.4486265496 29840.4486265496 29840.4486265496
28996.2039020864 28996.2039020864 28996.2039020864 28996.2039020864
30093.8448246091 30093.8448246091 30093.8448246091 30093.8448246091
29352.6053386327 29352.6053386327 29352.6053386327 29352.6053386327
29341.7572596494 29341.7572596494 29341.7572596494 29341.7572596494
29422.6760631338 29422.6760631338 29422.6760631338 29422.6760631338
28829.7511716476 28829.7511716476 28829.7511716476 28829.7511716476
29147.2868939497 29147.2868939497 29147.2868939497 29147.2868939497
28655.6739606931 28655.6739606931 28655.6739606931 28655.6739606931
27248.9837048629 27248.9837048629 27248.9837048629 27248.9837048629
26190.6142738843 26190.6142738843 26190.6142738843 26190.6142738843
26119.0314269484 26119.0314269484 26119.0314269484 26119.0314269484
26016.7356705362 26016.7356705362 26016.7356705362 26016.7356705362
25448.4137530472 25448.4137530472 25448.4137530472 25448.4137530472
25653.4039501887 25653.4039501887 25653.4039501887 25653.4039501887
24549.3504388992 24549.3504388992 24549.3504388992 24549.3504388992
24166.9079679788 24166.9079679788 24166.9079679788 24166.9079679788
24811.7103982883 24811.7103982883 24811.7103982883 24811.7103982883
24342.0471955412 24342.0471955412 24342.0471955412 24342.0471955412
24040.8356449321 24040.8356449321 24040.8356449321 24040.8356449321
23624.6653537539 23624.6653537539 23624.6653537539 23624.6653537539
23980.6413834252 23980.6413834252 23980.6413834252 23980.6413834252
24340.8239759698 24340.8239759698 24340.8239759698 24340.8239759698
23858.9184859324 23858.9184859324 23858.9184859324 23858.9184859324
24818.6580138037 24818.6580138037 24818.6580138037 24818.6580138037
24354.9412440495 24354.9412440495 24354.9412440495 24354.9412440495
24812.581013149 24812.581013149 24812.581013149 24812.581013149
23092.4907405549 23092.4907405549 23092.4907405549 23092.4907405549
22484.6878501408 22484.6878501408 22484.6878501408 22484.6878501408
22598.6273860229 22598.6273860229 22598.6273860229 22598.6273860229
23683.5303976375 23683.5303976375 23683.5303976375 23683.5303976375
23547.6058911507 23547.6058911507 23547.6058911507 23547.6058911507
23543.5840148067 23543.5840148067 23543.5840148067 23543.5840148067
23269.9887881894 23269.9887881894 23269.9887881894 23269.9887881894
22853.4900039546 22853.4900039546 22853.4900039546 22853.4900039546
22876.1990928926 22876.1990928926 22876.1990928926 22876.1990928926
22176.7524367217 22176.7524367217 22176.7524367217 22176.7524367217
21939.1673048266 21939.1673048266 21939.1673048266 21939.1673048266
22623.5707383594 22623.5707383594 22623.5707383594 22623.5707383594
23491.7045109937 23491.7045109937 23491.7045109937 23491.7045109937
23024.1796406297 23024.1796406297 23024.1796406297 23024.1796406297
23088.1058657191 23088.1058657191 23088.1058657191 23088.1058657191
22747.311188672 22747.311188672 22747.311188672 22747.311188672
24102.5474374507 24102.5474374507 24102.5474374507 24102.5474374507
24978.8935385327 24978.8935385327 24978.8935385327 24978.8935385327
24722.2258576743 24722.2258576743 24722.2258576743 24722.2258576743
25340.0343021069 25340.0343021069 25340.0343021069 25340.0343021069
25763.4031795007 25763.4031795007 25763.4031795007 25763.4031795007
25650.417206684 25650.417206684 25650.417206684 25650.417206684
26590.692468595 26590.692468595 26590.692468595 26590.692468595
26294.4945080941 26294.4945080941 26294.4945080941 26294.4945080941
26936.7457960406 26936.7457960406 26936.7457960406 26936.7457960406
27538.2472524373 27538.2472524373 27538.2472524373 27538.2472524373
26743.746323405 26743.746323405 26743.746323405 26743.746323405
27269.0801676757 27269.0801676757 27269.0801676757 27269.0801676757
27136.6638294099 27136.6638294099 27136.6638294099 27136.6638294099
26505.0205618826 26505.0205618826 26505.0205618826 26505.0205618826
25718.3716582372 25718.3716582372 25718.3716582372 25718.3716582372
26104.9838482188 26104.9838482188 26104.9838482188 26104.9838482188
26353.9271580201 26353.9271580201 26353.9271580201 26353.9271580201
25991.8580945163 25991.8580945163 25991.8580945163 25991.8580945163
25962.4149021478 25962.4149021478 25962.4149021478 25962.4149021478
25851.2215755649 25851.2215755649 25851.2215755649 25851.2215755649
25678.4001805579 25678.4001805579 25678.4001805579 25678.4001805579
25613.6359851734 25613.6359851734 25613.6359851734 25613.6359851734
25334.4864041989 25334.4864041989 25334.4864041989 25334.4864041989
26502.8005646204 26502.8005646204 26502.8005646204 26502.8005646204
25647.1538905073 25647.1538905073 25647.1538905073 25647.1538905073
25419.1356870115 25419.1356870115 25419.1356870115 25419.1356870115
25377.6934817487 25377.6934817487 25377.6934817487 25377.6934817487
25900.6718381115 25900.6718381115 25900.6718381115 25900.6718381115
27082.4626676094 27082.4626676094 27082.4626676094 27082.4626676094
26328.5197392526 26328.5197392526 26328.5197392526 26328.5197392526
26077.9074516947 26077.9074516947 26077.9074516947 26077.9074516947
25993.056202712 25993.056202712 25993.056202712 25993.056202712
26027.4321274088 26027.4321274088 26027.4321274088 26027.4321274088
25693.3228035903 25693.3228035903 25693.3228035903 25693.3228035903
25273.4478434331 25273.4478434331 25273.4478434331 25273.4478434331
26223.6282447782 26223.6282447782 26223.6282447782 26223.6282447782
26480.1539096505 26480.1539096505 26480.1539096505 26480.1539096505
27274.0511403886 27274.0511403886 27274.0511403886 27274.0511403886
27003.5519693227 27003.5519693227 27003.5519693227 27003.5519693227
26213.2434815682 26213.2434815682 26213.2434815682 26213.2434815682
26013.2869404939 26013.2869404939 26013.2869404939 26013.2869404939
26389.089416251 26389.089416251 26389.089416251 26389.089416251
27124.9123540981 27124.9123540981 27124.9123540981 27124.9123540981
27539.5903766477 27539.5903766477 27539.5903766477 27539.5903766477
27213.5204130551 27213.5204130551 27213.5204130551 27213.5204130551
26611.4962067917 26611.4962067917 26611.4962067917 26611.4962067917
25356.172585545 25356.172585545 25356.172585545 25356.172585545
24891.7419070407 24891.7419070407 24891.7419070407 24891.7419070407
23974.9993464648 23974.9993464648 23974.9993464648 23974.9993464648
24028.7785928969 24028.7785928969 24028.7785928969 24028.7785928969
24362.9031283408 24362.9031283408 24362.9031283408 24362.9031283408
24336.8654674528 24336.8654674528 24336.8654674528 24336.8654674528
23231.2074072974 23231.2074072974 23231.2074072974 23231.2074072974
23900.455409211 23900.455409211 23900.455409211 23900.455409211
23013.7558018813 23013.7558018813 23013.7558018813 23013.7558018813
23019.9535945884 23019.9535945884 23019.9535945884 23019.9535945884
22744.1845543856 22744.1845543856 22744.1845543856 22744.1845543856
23491.7142700386 23491.7142700386 23491.7142700386 23491.7142700386
23088.0346897721 23088.0346897721 23088.0346897721 23088.0346897721
23380.6906860525 23380.6906860525 23380.6906860525 23380.6906860525
22663.259687596 22663.259687596 22663.259687596 22663.259687596
22558.7574013138 22558.7574013138 22558.7574013138 22558.7574013138
22862.3787524699 22862.3787524699 22862.3787524699 22862.3787524699
22376.3142438719 22376.3142438719 22376.3142438719 22376.3142438719
22339.4088217859 22339.4088217859 22339.4088217859 22339.4088217859
21772.8594531036 21772.8594531036 21772.8594531036 21772.8594531036
22283.7593812475 22283.7593812475 22283.7593812475 22283.7593812475
21825.0839400869 21825.0839400869 21825.0839400869 21825.0839400869
22387.0568799332 22387.0568799332 22387.0568799332 22387.0568799332
22712.7455400506 22712.7455400506 22712.7455400506 22712.7455400506
22765.5012732189 22765.5012732189 22765.5012732189 22765.5012732189
22599.7091431402 22599.7091431402 22599.7091431402 22599.7091431402
22984.3389796719 22984.3389796719 22984.3389796719 22984.3389796719
22698.1410641131 22698.1410641131 22698.1410641131 22698.1410641131
22991.0628740169 22991.0628740169 22991.0628740169 22991.0628740169
23623.6027073723 23623.6027073723 23623.6027073723 23623.6027073723
24015.8910743746 24015.8910743746 24015.8910743746 24015.8910743746
24223.5111704608 24223.5111704608 24223.5111704608 24223.5111704608
24757.0793394426 24757.0793394426 24757.0793394426 24757.0793394426
24847.6676744684 24847.6676744684 24847.6676744684 24847.6676744684
24617.2801205394 24617.2801205394 24617.2801205394 24617.2801205394
26327.0125877896 26327.0125877896 26327.0125877896 26327.0125877896
26297.3004678821 26297.3004678821 26297.3004678821 26297.3004678821
26369.7059876023 26369.7059876023 26369.7059876023 26369.7059876023
26366.0105944257 26366.0105944257 26366.0105944257 26366.0105944257
26085.9985355377 26085.9985355377 26085.9985355377 26085.9985355377
25553.4296764419 25553.4296764419 25553.4296764419 25553.4296764419
26095.5771355645 26095.5771355645 26095.5771355645 26095.5771355645
26459.1934436918 26459.1934436918 26459.1934436918 26459.1934436918
26148.2873206771 26148.2873206771 26148.2873206771 26148.2873206771
26102.4633528419 26102.4633528419 26102.4633528419 26102.4633528419
25188.2671902135 25188.2671902135 25188.2671902135 25188.2671902135
25931.0147955128 25931.0147955128 25931.0147955128 25931.0147955128
25461.6461927711 25461.6461927711 25461.6461927711 25461.6461927711
24979.5815995134 24979.5815995134 24979.5815995134 24979.5815995134
23271.8357273255 23271.8357273255 23271.8357273255 23271.8357273255
23145.923012432 23145.923012432 23145.923012432 23145.923012432
23068.7692275249 23068.7692275249 23068.7692275249 23068.7692275249
22760.4940212142 22760.4940212142 22760.4940212142 22760.4940212142
22709.7756968597 22709.7756968597 22709.7756968597 22709.7756968597
22472.2138623626 22472.2138623626 22472.2138623626 22472.2138623626
22147.6727862124 22147.6727862124 22147.6727862124 22147.6727862124
22520.5003344855 22520.5003344855 22520.5003344855 22520.5003344855
21463.5121691332 21463.5121691332 21463.5121691332 21463.5121691332
20257.775662873 20257.775662873 20257.775662873 20257.775662873
20905.4758354844 20905.4758354844 20905.4758354844 20905.4758354844
20075.54891119 20075.54891119 20075.54891119 20075.54891119
19217.3598665087 19217.3598665087 19217.3598665087 19217.3598665087
19519.0962877212 19519.0962877212 19519.0962877212 19519.0962877212
20107.3999956277 20107.3999956277 20107.3999956277 20107.3999956277
20593.303281112 20593.303281112 20593.303281112 20593.303281112
19814.8128966422 19814.8128966422 19814.8128966422 19814.8128966422
20492.5286069231 20492.5286069231 20492.5286069231 20492.5286069231
20805.0063933331 20805.0063933331 20805.0063933331 20805.0063933331
21698.9084026297 21698.9084026297 21698.9084026297 21698.9084026297
20703.177740856 20703.177740856 20703.177740856 20703.177740856
19994.1519045947 19994.1519045947 19994.1519045947 19994.1519045947
19720.1479117898 19720.1479117898 19720.1479117898 19720.1479117898
20328.5743719088 20328.5743719088 20328.5743719088 20328.5743719088
21300.1946686562 21300.1946686562 21300.1946686562 21300.1946686562
20313.2988975423 20313.2988975423 20313.2988975423 20313.2988975423
19300.4603942931 19300.4603942931 19300.4603942931 19300.4603942931
19640.3307194014 19640.3307194014 19640.3307194014 19640.3307194014
19024.5321834795 19024.5321834795 19024.5321834795 19024.5321834795
18758.6900758274 18758.6900758274 18758.6900758274 18758.6900758274
18733.9536657799 18733.9536657799 18733.9536657799 18733.9536657799
18910.6148808521 18910.6148808521 18910.6148808521 18910.6148808521
19031.070405748 19031.070405748 19031.070405748 19031.070405748
19337.1894018761 19337.1894018761 19337.1894018761 19337.1894018761
19438.1860380409 19438.1860380409 19438.1860380409 19438.1860380409
20843.0248771231 20843.0248771231 20843.0248771231 20843.0248771231
20664.5455665567 20664.5455665567 20664.5455665567 20664.5455665567
20402.3403873958 20402.3403873958 20402.3403873958 20402.3403873958
19861.2851016847 19861.2851016847 19861.2851016847 19861.2851016847
19681.0629627261 19681.0629627261 19681.0629627261 19681.0629627261
20256.4958839025 20256.4958839025 20256.4958839025 20256.4958839025
21005.1729382647 21005.1729382647 21005.1729382647 21005.1729382647
20258.3471294018 20258.3471294018 20258.3471294018 20258.3471294018
20796.4471490999 20796.4471490999 20796.4471490999 20796.4471490999
21586.7102448499 21586.7102448499 21586.7102448499 21586.7102448499
21839.1264251796 21839.1264251796 21839.1264251796 21839.1264251796
23282.2573998744 23282.2573998744 23282.2573998744 23282.2573998744
22761.5534641231 22761.5534641231 22761.5534641231 22761.5534641231
22822.1073608027 22822.1073608027 22822.1073608027 22822.1073608027
22943.387127929 22943.387127929 22943.387127929 22943.387127929
23057.4613315947 23057.4613315947 23057.4613315947 23057.4613315947
22587.3099821087 22587.3099821087 22587.3099821087 22587.3099821087
22906.0699783389 22906.0699783389 22906.0699783389 22906.0699783389
23493.0486209826 23493.0486209826 23493.0486209826 23493.0486209826
23198.9363451964 23198.9363451964 23198.9363451964 23198.9363451964
21607.1570934145 21607.1570934145 21607.1570934145 21607.1570934145
21907.190288849 21907.190288849 21907.190288849 21907.190288849
21639.9586077294 21639.9586077294 21639.9586077294 21639.9586077294
21735.6111801831 21735.6111801831 21735.6111801831 21735.6111801831
21606.2042749672 21606.2042749672 21606.2042749672 21606.2042749672
20759.4496983952 20759.4496983952 20759.4496983952 20759.4496983952
21076.0811764564 21076.0811764564 21076.0811764564 21076.0811764564
21717.4173828091 21717.4173828091 21717.4173828091 21717.4173828091
22686.8780937022 22686.8780937022 22686.8780937022 22686.8780937022
23025.1888193602 23025.1888193602 23025.1888193602 23025.1888193602
23108.0135419729 23108.0135419729 23108.0135419729 23108.0135419729
23223.4387487671 23223.4387487671 23223.4387487671 23223.4387487671
24411.8681655427 24411.8681655427 24411.8681655427 24411.8681655427
25645.170134952 25645.170134952 25645.170134952 25645.170134952
25718.6653644428 25718.6653644428 25718.6653644428 25718.6653644428
26786.7768296941 26786.7768296941 26786.7768296941 26786.7768296941
27290.8688552432 27290.8688552432 27290.8688552432 27290.8688552432
27454.0879462575 27454.0879462575 27454.0879462575 27454.0879462575
26638.9075293253 26638.9075293253 26638.9075293253 26638.9075293253
25663.7440300715 25663.7440300715 25663.7440300715 25663.7440300715
25530.38325762 25530.38325762 25530.38325762 25530.38325762
25617.9380698564 25617.9380698564 25617.9380698564 25617.9380698564
25262.6688643496 25262.6688643496 25262.6688643496 25262.6688643496
24476.1124539661 24476.1124539661 24476.1124539661 24476.1124539661
25237.7412075243 25237.7412075243 25237.7412075243 25237.7412075243
26279.2020392407 26279.2020392407 26279.2020392407 26279.2020392407
26664.1954488013 26664.1954488013 26664.1954488013 26664.1954488013
26821.1715935347 26821.1715935347 26821.1715935347 26821.1715935347
27010.9868504866 27010.9868504866 27010.9868504866 27010.9868504866
27509.0258646774 27509.0258646774 27509.0258646774 27509.0258646774
27262.7279256276 27262.7279256276 27262.7279256276 27262.7279256276
26701.279696918 26701.279696918 26701.279696918 26701.279696918
26593.303718079 26593.303718079 26593.303718079 26593.303718079
25354.8934089532 25354.8934089532 25354.8934089532 25354.8934089532
24974.5830533225 24974.5830533225 24974.5830533225 24974.5830533225
25159.1261073279 25159.1261073279 25159.1261073279 25159.1261073279
25702.5859517947 25702.5859517947 25702.5859517947 25702.5859517947
25831.8410381478 25831.8410381478 25831.8410381478 25831.8410381478
24963.7092297412 24963.7092297412 24963.7092297412 24963.7092297412
25757.7205104398 25757.7205104398 25757.7205104398 25757.7205104398
26121.9200128804 26121.9200128804 26121.9200128804 26121.9200128804
25634.1682960239 25634.1682960239 25634.1682960239 25634.1682960239
25539.2725492268 25539.2725492268 25539.2725492268 25539.2725492268
25909.340016439 25909.340016439 25909.340016439 25909.340016439
26067.9271720459 26067.9271720459 26067.9271720459 26067.9271720459
25695.3576338135 25695.3576338135 25695.3576338135 25695.3576338135
25656.501709368 25656.501709368 25656.501709368 25656.501709368
25421.4050021516 25421.4050021516 25421.4050021516 25421.4050021516
24086.8797619422 24086.8797619422 24086.8797619422 24086.8797619422
24628.7196592485 24628.7196592485 24628.7196592485 24628.7196592485
24667.0837637492 24667.0837637492 24667.0837637492 24667.0837637492
25333.9089955585 25333.9089955585 25333.9089955585 25333.9089955585
25357.8009058638 25357.8009058638 25357.8009058638 25357.8009058638
25326.9460571646 25326.9460571646 25326.9460571646 25326.9460571646
25483.5176672442 25483.5176672442 25483.5176672442 25483.5176672442
26615.7643004843 26615.7643004843 26615.7643004843 26615.7643004843
26831.3073430366 26831.3073430366 26831.3073430366 26831.3073430366
26948.0308238977 26948.0308238977 26948.0308238977 26948.0308238977
26845.406974339 26845.406974339 26845.406974339 26845.406974339
26459.3228388921 26459.3228388921 26459.3228388921 26459.3228388921
25959.1772748378 25959.1772748378 25959.1772748378 25959.1772748378
27590.3177039078 27590.3177039078 27590.3177039078 27590.3177039078
27293.1143175688 27293.1143175688 27293.1143175688 27293.1143175688
27529.7811468699 27529.7811468699 27529.7811468699 27529.7811468699
28761.0099214649 28761.0099214649 28761.0099214649 28761.0099214649
28417.5520322659 28417.5520322659 28417.5520322659 28417.5520322659
28771.9242340249 28771.9242340249 28771.9242340249 28771.9242340249
28623.925600975 28623.925600975 28623.925600975 28623.925600975
28740.998938074 28740.998938074 28740.998938074 28740.998938074
27685.3612988709 27685.3612988709 27685.3612988709 27685.3612988709
27579.3433269489 27579.3433269489 27579.3433269489 27579.3433269489
28372.4425543217 28372.4425543217 28372.4425543217 28372.4425543217
27261.2818622162 27261.2818622162 27261.2818622162 27261.2818622162
28554.0998046455 28554.0998046455 28554.0998046455 28554.0998046455
27873.7472364809 27873.7472364809 27873.7472364809 27873.7472364809
27897.861192436 27897.861192436 27897.861192436 27897.861192436
27823.8841090596 27823.8841090596 27823.8841090596 27823.8841090596
27268.7096234299 27268.7096234299 27268.7096234299 27268.7096234299
27679.7113915507 27679.7113915507 27679.7113915507 27679.7113915507
26948.4986263471 26948.4986263471 26948.4986263471 26948.4986263471
26855.0187856087 26855.0187856087 26855.0187856087 26855.0187856087
27555.373736424 27555.373736424 27555.373736424 27555.373736424
26761.0439281707 26761.0439281707 26761.0439281707 26761.0439281707
25913.1356615735 25913.1356615735 25913.1356615735 25913.1356615735
24963.05455336 24963.05455336 24963.05455336 24963.05455336
24700.9196908815 24700.9196908815 24700.9196908815 24700.9196908815
24253.0763954832 24253.0763954832 24253.0763954832 24253.0763954832
24284.3814066454 24284.3814066454 24284.3814066454 24284.3814066454
24438.0063859124 24438.0063859124 24438.0063859124 24438.0063859124
23806.9778944447 23806.9778944447 23806.9778944447 23806.9778944447
23360.1019888 23360.1019888 23360.1019888 23360.1019888
23277.5627325375 23277.5627325375 23277.5627325375 23277.5627325375
23391.2181253761 23391.2181253761 23391.2181253761 23391.2181253761
22956.4832050673 22956.4832050673 22956.4832050673 22956.4832050673
22165.0171233215 22165.0171233215 22165.0171233215 22165.0171233215
21791.3092314061 21791.3092314061 21791.3092314061 21791.3092314061
22088.6705897278 22088.6705897278 22088.6705897278 22088.6705897278
21488.254199665 21488.254199665 21488.254199665 21488.254199665
21278.7039221337 21278.7039221337 21278.7039221337 21278.7039221337
20965.2035985798 20965.2035985798 20965.2035985798 20965.2035985798
21542.2937945231 21542.2937945231 21542.2937945231 21542.2937945231
22534.1261160517 22534.1261160517 22534.1261160517 22534.1261160517
21514.0323703372 21514.0323703372 21514.0323703372 21514.0323703372
21522.7574416507 21522.7574416507 21522.7574416507 21522.7574416507
21613.5688559508 21613.5688559508 21613.5688559508 21613.5688559508
21512.4669075788 21512.4669075788 21512.4669075788 21512.4669075788
22519.3315060105 22519.3315060105 22519.3315060105 22519.3315060105
22233.2145014268 22233.2145014268 22233.2145014268 22233.2145014268
21397.3333718576 21397.3333718576 21397.3333718576 21397.3333718576
20498.6015907398 20498.6015907398 20498.6015907398 20498.6015907398
19879.4914208434 19879.4914208434 19879.4914208434 19879.4914208434
20702.5769774259 20702.5769774259 20702.5769774259 20702.5769774259
20757.9613112115 20757.9613112115 20757.9613112115 20757.9613112115
19271.9405702831 19271.9405702831 19271.9405702831 19271.9405702831
20162.6497192628 20162.6497192628 20162.6497192628 20162.6497192628
19867.4803577966 19867.4803577966 19867.4803577966 19867.4803577966
20184.0374099159 20184.0374099159 20184.0374099159 20184.0374099159
20839.0610142309 20839.0610142309 20839.0610142309 20839.0610142309
19716.0403766322 19716.0403766322 19716.0403766322 19716.0403766322
20436.4412564862 20436.4412564862 20436.4412564862 20436.4412564862
20880.3639255092 20880.3639255092 20880.3639255092 20880.3639255092
19081.1486554108 19081.1486554108 19081.1486554108 19081.1486554108
18166.1127204015 18166.1127204015 18166.1127204015 18166.1127204015
18297.3734904137 18297.3734904137 18297.3734904137 18297.3734904137
17704.8486245565 17704.8486245565 17704.8486245565 17704.8486245565
18421.014493684 18421.014493684 18421.014493684 18421.014493684
18761.8275364333 18761.8275364333 18761.8275364333 18761.8275364333
19264.2950188119 19264.2950188119 19264.2950188119 19264.2950188119
20020.0770754688 20020.0770754688 20020.0770754688 20020.0770754688
18833.8871236051 18833.8871236051 18833.8871236051 18833.8871236051
18590.3943436088 18590.3943436088 18590.3943436088 18590.3943436088
17366.4585143717 17366.4585143717 17366.4585143717 17366.4585143717
16097.0424975362 16097.0424975362 16097.0424975362 16097.0424975362
15445.581741602 15445.581741602 15445.581741602 15445.581741602
14364.4425953178 14364.4425953178 14364.4425953178 14364.4425953178
13681.6771508903 13681.6771508903 13681.6771508903 13681.6771508903
14119.7494903038 14119.7494903038 14119.7494903038 14119.7494903038
14342.9246894265 14342.9246894265 14342.9246894265 14342.9246894265
14651.3361200242 14651.3361200242 14651.3361200242 14651.3361200242
14516.7982031928 14516.7982031928 14516.7982031928 14516.7982031928
14798.8950944076 14798.8950944076 14798.8950944076 14798.8950944076
14995.545420487 14995.545420487 14995.545420487 14995.545420487
14992.3376400078 14992.3376400078 14992.3376400078 14992.3376400078
14464.613014156 14464.613014156 14464.613014156 14464.613014156
14174.6862123428 14174.6862123428 14174.6862123428 14174.6862123428
14279.9763566996 14279.9763566996 14279.9763566996 14279.9763566996
14594.6979355454 14594.6979355454 14594.6979355454 14594.6979355454
15123.4153006826 15123.4153006826 15123.4153006826 15123.4153006826
14515.3879610421 14515.3879610421 14515.3879610421 14515.3879610421
15107.877794671 15107.877794671 15107.877794671 15107.877794671
15694.3582150145 15694.3582150145 15694.3582150145 15694.3582150145
16678.1394445769 16678.1394445769 16678.1394445769 16678.1394445769
15762.6430041678 15762.6430041678 15762.6430041678 15762.6430041678
15116.0787326485 15116.0787326485 15116.0787326485 15116.0787326485
14314.474185853 14314.474185853 14314.474185853 14314.474185853
13649.1976818315 13649.1976818315 13649.1976818315 13649.1976818315
13965.2712730053 13965.2712730053 13965.2712730053 13965.2712730053
13210.5691109652 13210.5691109652 13210.5691109652 13210.5691109652
13547.8582804065 13547.8582804065 13547.8582804065 13547.8582804065
13802.9659059688 13802.9659059688 13802.9659059688 13802.9659059688
12858.0773135689 12858.0773135689 12858.0773135689 12858.0773135689
13297.2727092853 13297.2727092853 13297.2727092853 13297.2727092853
13275.9100228361 13275.9100228361 13275.9100228361 13275.9100228361
14109.699440409 14109.699440409 14109.699440409 14109.699440409
14039.7462846714 14039.7462846714 14039.7462846714 14039.7462846714
14811.2431902791 14811.2431902791 14811.2431902791 14811.2431902791
15148.3269865859 15148.3269865859 15148.3269865859 15148.3269865859
15547.8901721102 15547.8901721102 15547.8901721102 15547.8901721102
15830.5363234541 15830.5363234541 15830.5363234541 15830.5363234541
16598.9009305672 16598.9009305672 16598.9009305672 16598.9009305672
17378.3650551385 17378.3650551385 17378.3650551385 17378.3650551385
18923.0275815704 18923.0275815704 18923.0275815704 18923.0275815704
18456.0658785801 18456.0658785801 18456.0658785801 18456.0658785801
17260.4623214301 17260.4623214301 17260.4623214301 17260.4623214301
17017.4868789999 17017.4868789999 17017.4868789999 17017.4868789999
16873.8020154603 16873.8020154603 16873.8020154603 16873.8020154603
17052.3827603092 17052.3827603092 17052.3827603092 17052.3827603092
16441.1375336317 16441.1375336317 16441.1375336317 16441.1375336317
16000.7345505803 16000.7345505803 16000.7345505803 16000.7345505803
15689.1056914433 15689.1056914433 15689.1056914433 15689.1056914433
16289.4383656708 16289.4383656708 16289.4383656708 16289.4383656708
17106.0167805919 17106.0167805919 17106.0167805919 17106.0167805919
18027.7802270768 18027.7802270768 18027.7802270768 18027.7802270768
19160.3992020236 19160.3992020236 19160.3992020236 19160.3992020236
18864.6716898337 18864.6716898337 18864.6716898337 18864.6716898337
18032.0558661312 18032.0558661312 18032.0558661312 18032.0558661312
17971.3224439163 17971.3224439163 17971.3224439163 17971.3224439163
17596.8662863527 17596.8662863527 17596.8662863527 17596.8662863527
18318.7671155133 18318.7671155133 18318.7671155133 18318.7671155133
18866.8800997893 18866.8800997893 18866.8800997893 18866.8800997893
20015.2885663962 20015.2885663962 20015.2885663962 20015.2885663962
20268.7208330434 20268.7208330434 20268.7208330434 20268.7208330434
19545.3850675288 19545.3850675288 19545.3850675288 19545.3850675288
18938.9128253574 18938.9128253574 18938.9128253574 18938.9128253574
18384.4570636007 18384.4570636007 18384.4570636007 18384.4570636007
18612.1038465345 18612.1038465345 18612.1038465345 18612.1038465345
17900.4487932818 17900.4487932818 17900.4487932818 17900.4487932818
18177.0428221617 18177.0428221617 18177.0428221617 18177.0428221617
19569.4799957217 19569.4799957217 19569.4799957217 19569.4799957217
18595.9272923522 18595.9272923522 18595.9272923522 18595.9272923522
18671.9800124951 18671.9800124951 18671.9800124951 18671.9800124951
18198.6638832371 18198.6638832371 18198.6638832371 18198.6638832371
18252.6494015437 18252.6494015437 18252.6494015437 18252.6494015437
18845.3769435702 18845.3769435702 18845.3769435702 18845.3769435702
17298.5424981825 17298.5424981825 17298.5424981825 17298.5424981825
17967.5992223982 17967.5992223982 17967.5992223982 17967.5992223982
17534.9595446184 17534.9595446184 17534.9595446184 17534.9595446184
17124.1138645632 17124.1138645632 17124.1138645632 17124.1138645632
17400.0128208012 17400.0128208012 17400.0128208012 17400.0128208012
17034.4231258049 17034.4231258049 17034.4231258049 17034.4231258049
17657.7657270819 17657.7657270819 17657.7657270819 17657.7657270819
17553.7180096075 17553.7180096075 17553.7180096075 17553.7180096075
16878.2383455466 16878.2383455466 16878.2383455466 16878.2383455466
17807.0941870227 17807.0941870227 17807.0941870227 17807.0941870227
18281.2451937981 18281.2451937981 18281.2451937981 18281.2451937981
18265.4400340025 18265.4400340025 18265.4400340025 18265.4400340025
18346.6310282196 18346.6310282196 18346.6310282196 18346.6310282196
17547.9167143794 17547.9167143794 17547.9167143794 17547.9167143794
16973.7662287037 16973.7662287037 16973.7662287037 16973.7662287037
18243.1604133008 18243.1604133008 18243.1604133008 18243.1604133008
17500.8602443315 17500.8602443315 17500.8602443315 17500.8602443315
16991.9181123408 16991.9181123408 16991.9181123408 16991.9181123408
16386.2470170588 16386.2470170588 16386.2470170588 16386.2470170588
15643.2359175988 15643.2359175988 15643.2359175988 15643.2359175988
16084.9787959844 16084.9787959844 16084.9787959844 16084.9787959844
16863.7280393 16863.7280393 16863.7280393 16863.7280393
16499.9490810641 16499.9490810641 16499.9490810641 16499.9490810641
16080.9701563099 16080.9701563099 16080.9701563099 16080.9701563099
17040.7795890301 17040.7795890301 17040.7795890301 17040.7795890301
17537.0381790801 17537.0381790801 17537.0381790801 17537.0381790801
18904.0340051987 18904.0340051987 18904.0340051987 18904.0340051987
19187.1102363844 19187.1102363844 19187.1102363844 19187.1102363844
19712.1229907704 19712.1229907704 19712.1229907704 19712.1229907704
19514.3335639024 19514.3335639024 19514.3335639024 19514.3335639024
19768.8789178845 19768.8789178845 19768.8789178845 19768.8789178845
20381.247460622 20381.247460622 20381.247460622 20381.247460622
20089.7715829093 20089.7715829093 20089.7715829093 20089.7715829093
20440.4654265817 20440.4654265817 20440.4654265817 20440.4654265817
20569.6019434513 20569.6019434513 20569.6019434513 20569.6019434513
20179.0880914682 20179.0880914682 20179.0880914682 20179.0880914682
19898.4009150762 19898.4009150762 19898.4009150762 19898.4009150762
20236.7263009608 20236.7263009608 20236.7263009608 20236.7263009608
20618.4452236293 20618.4452236293 20618.4452236293 20618.4452236293
21661.2645790025 21661.2645790025 21661.2645790025 21661.2645790025
22123.7172116299 22123.7172116299 22123.7172116299 22123.7172116299
22920.1098976007 22920.1098976007 22920.1098976007 22920.1098976007
22971.4138553689 22971.4138553689 22971.4138553689 22971.4138553689
22088.9675422566 22088.9675422566 22088.9675422566 22088.9675422566
22338.6527530711 22338.6527530711 22338.6527530711 22338.6527530711
22085.0653015734 22085.0653015734 22085.0653015734 22085.0653015734
22412.2631307716 22412.2631307716 22412.2631307716 22412.2631307716
22844.3634811545 22844.3634811545 22844.3634811545 22844.3634811545
22508.9862152949 22508.9862152949 22508.9862152949 22508.9862152949
22139.3509024338 22139.3509024338 22139.3509024338 22139.3509024338
21424.5830076537 21424.5830076537 21424.5830076537 21424.5830076537
21265.1950613373 21265.1950613373 21265.1950613373 21265.1950613373
19420.1689170671 19420.1689170671 19420.1689170671 19420.1689170671
19828.2413157206 19828.2413157206 19828.2413157206 19828.2413157206
18575.5039242337 18575.5039242337 18575.5039242337 18575.5039242337
19291.8081890676 19291.8081890676 19291.8081890676 19291.8081890676
19817.1067750998 19817.1067750998 19817.1067750998 19817.1067750998
18706.713345079 18706.713345079 18706.713345079 18706.713345079
19645.0769852109 19645.0769852109 19645.0769852109 19645.0769852109
19000.811547566 19000.811547566 19000.811547566 19000.811547566
18847.465370092 18847.465370092 18847.465370092 18847.465370092
17810.7388390874 17810.7388390874 17810.7388390874 17810.7388390874
18067.18581139 18067.18581139 18067.18581139 18067.18581139
18418.1469748892 18418.1469748892 18418.1469748892 18418.1469748892
18201.1678383194 18201.1678383194 18201.1678383194 18201.1678383194
18419.5309879539 18419.5309879539 18419.5309879539 18419.5309879539
18477.0549513638 18477.0549513638 18477.0549513638 18477.0549513638
17958.6235041061 17958.6235041061 17958.6235041061 17958.6235041061
18213.8716610626 18213.8716610626 18213.8716610626 18213.8716610626
19120.299604635 19120.299604635 19120.299604635 19120.299604635
17973.8425675976 17973.8425675976 17973.8425675976 17973.8425675976
18047.0168986452 18047.0168986452 18047.0168986452 18047.0168986452
17890.3282835686 17890.3282835686 17890.3282835686 17890.3282835686
17831.8318798127 17831.8318798127 17831.8318798127 17831.8318798127
