527.988517098823 4549.91135322343
527.988920170668 4549.91177700399
527.988268990936 4549.91121178276
527.988737150521 4549.91180203233
527.988715502829 4549.91188441361
527.988327639918 4549.91168479925
527.988572524543 4549.91176301262
527.988912921877 4549.91196603171
527.988397430987 4549.91133652029
527.98834002468 4549.91177338074
527.988374359959 4549.91190476848
527.988278723034 4549.91204811274
527.988520613521 4549.91207048097
483.213252438087 4553.57369143499
483.21349319417 4553.5739096505
483.213600982527 4553.57388482722
483.214011234358 4553.57405390543
483.214001913018 4553.57357705576
483.213150880459 4553.5738846969
483.21368577146 4553.5739951098
483.213789786214 4553.5736725106
483.213426889653 4553.57395492384
483.213717639508 4553.57425122805
483.21397003537 4553.57424516242
483.213987820533 4553.57375099709
483.213897994278 4553.57405367183
483.213591542771 4553.57414281098
483.213390008792 4553.57365302291
483.213591784723 4553.57367797309
483.213647945906 4553.57392412657
546.022143218695 4575.9032577897
546.021962783572 4575.90339752731
589.052760114328 4592.95981815277
589.05332881351 4592.9589606348
589.053512765631 4592.95923429059
589.053713763025 4592.95926615693
589.053362201343 4592.95940062007
589.053432936089 4592.95895929422
542.847851879624 4640.6563276931
542.848100734716 4640.65678561567
542.84780029018 4640.65662434498
542.848102278612 4640.65636579237
542.847507832589 4640.65621963053
542.847195597338 4640.65655745923
542.847766982029 4640.65693437304
542.847975593165 4640.65704762803
542.847203841963 4640.65636769367
-999 -999
-999 -999
-999 -999
-999 -999
-999 -999
-999 -999
-999 -999
-999 -999
-999 -999
-999 -999
-999 -999
-999 -999
-999 -999
-999 -999
-999 -999
-999 -999
-999 -999
-999 -999
-999 -999
-999 -999
-999 -999
-999 -999
-999 -999
-999 -999
-999 -999
-999 -999
-999 -999
-999 -999
-999 -999
-999 -999
-999 -999
-999 -999
-999 -999
-999 -999
-999 -999
-999 -999
-999 -999
-999 -999
-999 -999
-999 -999
-999 -999
-999 -999
-999 -999
-999 -999
-999 -999
-999 -999
-999 -999
