0.0438395570470836 0.0307823838313769 0.0256452475262541 0.0197413273981994 -999 -999 -999 -999 -999 -999
0.0180484309809641 0.0744783001831965 0.047617741754444 0.0184704047439723 -999 -999 -999 -999 -999 -999
0.0173825780236603 0.0320911007456722 0.0258984310022089 0.0833434321552334 -999 -999 -999 -999 -999 -999
0.0903542262933071 0.0710667345531632 0.0464274424305274 0.018476460701556 -999 -999 -999 -999 -999 -999
0.20139511912265 0.17556508361072 0.11956914351482 0.0213603054659084 -999 -999 -999 -999 -999 -999
0.018316128742718 0.0525891269225415 0.09332307644123 0.286248533445113 -999 -999 -999 -999 -999 -999
0.0181154431949865 0.0426600182108619 0.0652401248198875 0.0875553832362362 -999 -999 -999 -999 -999 -999
0.0188746688657527 0.0312069467324964 0.0280887061039912 0.0372346059251918 -999 -999 -999 -999 -999 -999
0.0201684579777116 0.0305625340961436 0.0262228530792944 0.0401613955407683 -999 -999 -999 -999 -999 -999
0.0524826173069563 0.0327017695869625 0.0293502125302382 0.0983797489744277 -999 -999 -999 -999 -999 -999
0.0365568078128624 0.0307600527733223 0.0259234773820127 0.0196847960477563 -999 -999 -999 -999 -999 -999
0.11135710586802 0.0316520266474297 0.0236865246607598 0.0165689061226753 -999 -999 -999 -999 -999 -999
0.0727106577993214 0.0334704431279599 0.0250051221923948 0.0215534244413293 -999 -999 -999 -999 -999 -999
0.0179771673405676 0.0315692752889243 0.0275735308670696 0.0392969845683564 -999 -999 -999 -999 -999 -999
0.0176544508137098 0.037743179992454 0.0426555921464408 0.0206147235116307 -999 -999 -999 -999 -999 -999
0.0522040066583842 0.0300301725962845 0.0285597234660975 0.01861285150012 -999 -999 -999 -999 -999 -999
0.0553823214622216 0.0284097844453576 0.0255498988174333 0.0197506340791062 -999 -999 -999 -999 -999 -999
0.0552481912822436 0.0345154952575872 0.0457018667768819 0.0205275987437204 -999 -999 -999 -999 -999 -999
0.0177285379213211 0.0515985153313283 0.101065963038327 0.0266112135457223 -999 -999 -999 -999 -999 -999
0.0179258657908525 0.0398333003802496 0.0624461675834687 0.0222475119542781 -999 -999 -999 -999 -999 -999
0.0462776596947049 0.076713755685967 0.0844491538662174 0.0635597578986982 -999 -999 -999 -999 -999 -999
0.294116960630314 0.295887988232198 0.174258910505251 0.125816412189292 -999 -999 -999 -999 -999 -999
0.651114053362371 0.516953737094161 0.692322001311046 0.776629841004751 -999 -999 -999 -999 -999 -999
0.0547689860073148 0.18715827467364 0.133419088183703 0.0975537468059583 -999 -999 -999 -999 -999 -999
-999 -999 -999 -999 -999 -999 -999 -999 -999 -999
-999 -999 -999 -999 -999 -999 -999 -999 -999 -999
-999 -999 -999 -999 -999 -999 -999 -999 -999 -999
-999 -999 -999 -999 -999 -999 -999 -999 -999 -999
-999 -999 -999 -999 -999 -999 -999 -999 -999 -999
-999 -999 -999 -999 -999 -999 -999 -999 -999 -999
-999 -999 -999 -999 -999 -999 -999 -999 -999 -999
-999 -999 -999 -999 -999 -999 -999 -999 -999 -999
-999 -999 -999 -999 -999 -999 -999 -999 -999 -999
-999 -999 -999 -999 -999 -999 -999 -999 -999 -999
-999 -999 -999 -999 -999 -999 -999 -999 -999 -999
-999 -999 -999 -999 -999 -999 -999 -999 -999 -999
-999 -999 -999 -999 -999 -999 -999 -999 -999 -999
-999 -999 -999 -999 -999 -999 -999 -999 -999 -999
-999 -999 -999 -999 -999 -999 -999 -999 -999 -999
-999 -999 -999 -999 -999 -999 -999 -999 -999 -999
-999 -999 -999 -999 -999 -999 -999 -999 -999 -999
-999 -999 -999 -999 -999 -999 -999 -999 -999 -999
0.0842241680191476 0.0693358893723021 0.0455676965553102 0.0279507306308507 -999 -999 -999 -999 -999 -999
0.229567513290384 0.0893198839847066 0.111381241242146 0.264605068177637 -999 -999 -999 -999 -999 -999
0.30183861645164 0.517123008848618 0.56241791964359 0.377783549734256 -999 -999 -999 -999 -999 -999
0.102668966056988 0.0855727469598578 0.103436379062285 0.218620616371966 -999 -999 -999 -999 -999 -999
0.0484217586070583 0.0685257652560231 0.0441397024560559 0.0252103964292813 -999 -999 -999 -999 -999 -999
0.233278977574783 0.170122705578492 0.133057061040613 0.0858296386560083 -999 -999 -999 -999 -999 -999
-999 -999 -999 -999 -999 -999 -999 -999 -999 -999
-999 -999 -999 -999 -999 -999 -999 -999 -999 -999
-999 -999 -999 -999 -999 -999 -999 -999 -999 -999
-999 -999 -999 -999 -999 -999 -999 -999 -999 -999
-999 -999 -999 -999 -999 -999 -999 -999 -999 -999
-999 -999 -999 -999 -999 -999 -999 -999 -999 -999
-999 -999 -999 -999 -999 -999 -999 -999 -999 -999
-999 -999 -999 -999 -999 -999 -999 -999 -999 -999
-999 -999 -999 -999 -999 -999 -999 -999 -999 -999
-999 -999 -999 -999 -999 -999 -999 -999 -999 -999
-999 -999 -999 -999 -999 -999 -999 -999 -999 -999
-999 -999 -999 -999 -999 -999 -999 -999 -999 -999
-999 -999 -999 -999 -999 -999 -999 -999 -999 -999
-999 -999 -999 -999 -999 -999 -999 -999 -999 -999
-999 -999 -999 -999 -999 -999 -999 -999 -999 -999
0.371791781755486 0.0833554403245029 0.0778184021031148 0.0251025598900768 -999 -999 -999 -999 -999 -999
0.0690009233065821 0.0713576446748999 0.107505004211643 0.0829721907602995 -999 -999 -999 -999 -999 -999
0.0660223014887572 0.0615915951584967 0.0950897885869427 0.0268001094785022 -999 -999 -999 -999 -999 -999
0.064216957085433 0.176290698834582 0.111354033481002 0.0478113955300889 -999 -999 -999 -999 -999 -999
0.0436402225861213 0.0483369595174849 0.036965683192199 0.022015538056897 -999 -999 -999 -999 -999 -999
0.107934929562348 0.0448130349026064 0.0355915460785237 0.0244809044689528 -999 -999 -999 -999 -999 -999
0.0207808966067118 0.0650962811189193 0.111113993980371 0.0282905081441991 -999 -999 -999 -999 -999 -999
0.0465250758361826 0.197833470455973 0.128380937854402 0.026574837670821 -999 -999 -999 -999 -999 -999
0.15416409045979 0.143335069373891 0.191084171360209 0.554494541262662 -999 -999 -999 -999 -999 -999
0.0219595021680721 0.0482176750030107 0.0356249678993783 0.0472001552389849 -999 -999 -999 -999 -999 -999
0.0339633191445167 0.0597721306356331 0.0694714712522149 0.114257259498515 -999 -999 -999 -999 -999 -999
-999 -999 -999 -999 -999 -999 -999 -999 -999 -999
-999 -999 -999 -999 -999 -999 -999 -999 -999 -999
-999 -999 -999 -999 -999 -999 -999 -999 -999 -999
-999 -999 -999 -999 -999 -999 -999 -999 -999 -999
-999 -999 -999 -999 -999 -999 -999 -999 -999 -999
-999 -999 -999 -999 -999 -999 -999 -999 -999 -999
-999 -999 -999 -999 -999 -999 -999 -999 -999 -999
-999 -999 -999 -999 -999 -999 -999 -999 -999 -999
-999 -999 -999 -999 -999 -999 -999 -999 -999 -999
-999 -999 -999 -999 -999 -999 -999 -999 -999 -999
0.0204977528632445 0.0445382748078558 0.0524931386377325 0.0230663556022089 -999 -999 -999 -999 -999 -999
0.0399970712705626 0.037235241605268 0.0319843537169555 0.021370683376953 -999 -999 -999 -999 -999 -999
0.158348133943861 0.0385573580495209 0.0322762644933723 0.0220866840665088 -999 -999 -999 -999 -999 -999
0.0482099105139078 0.0447152925563865 0.058020317100732 0.0223676807826014 -999 -999 -999 -999 -999 -999
0.0203661150487488 0.0439181361136106 0.0491213224431974 0.0237106289224496 -999 -999 -999 -999 -999 -999
0.0179861626848688 0.0470386985408569 0.0735161812110657 0.023453047780117 -999 -999 -999 -999 -999 -999
0.101001602516096 0.0507998187560767 0.0822925528142618 0.389700718318808 -999 -999 -999 -999 -999 -999
0.219295235323575 0.039829959386464 0.0312323453341988 0.0205961361306576 -999 -999 -999 -999 -999 -999
0.0199921515253158 0.0742468673772564 0.155372787883646 0.151968429723097 -999 -999 -999 -999 -999 -999
0.0194570572937941 0.0644649768329832 0.0445470778513889 0.0212091446483529 -999 -999 -999 -999 -999 -999
0.0207939758490103 0.0362837948784219 0.0320750408436038 0.0440405183652725 -999 -999 -999 -999 -999 -999
0.0806007142926657 0.0387085018071941 0.0315700247741544 0.0221658385714487 -999 -999 -999 -999 -999 -999
0.103163182822652 0.0388431472043943 0.0311110919923147 0.019818652668598 -999 -999 -999 -999 -999 -999
0.0707247329438732 0.144556683399132 0.0922615085287349 0.0235468522246607 -999 -999 -999 -999 -999 -999
0.0200775918010015 0.127566700243388 0.0724059304396612 0.0191277154454067 -999 -999 -999 -999 -999 -999
0.039488609306824 0.128696548441191 0.12972006193498 0.15177091337286 -999 -999 -999 -999 -999 -999
-999 -999 -999 -999 -999 -999 -999 -999 -999 -999
-999 -999 -999 -999 -999 -999 -999 -999 -999 -999
-999 -999 -999 -999 -999 -999 -999 -999 -999 -999
-999 -999 -999 -999 -999 -999 -999 -999 -999 -999
-999 -999 -999 -999 -999 -999 -999 -999 -999 -999
0.129904372715085 0.0471539491393869 0.0344683059968253 0.0219786651875212 -999 -999 -999 -999 -999 -999
0.286419633216701 0.107236700283739 0.165900711636713 0.191143194611821 -999 -999 -999 -999 -999 -999
0.113550503447592 0.0433805419715252 0.034662499606788 0.0228799190768016 -999 -999 -999 -999 -999 -999
0.0434117446195011 0.0417640268184664 0.0368262221455058 0.0248066727378567 -999 -999 -999 -999 -999 -999
0.170189268653299 0.131870326119471 0.069343437333328 0.249664530507542 -999 -999 -999 -999 -999 -999
0.0882983684685562 0.284868566845084 0.235431847905656 0.0538910827445273 -999 -999 -999 -999 -999 -999
0.0215326506870014 0.0556427914898411 0.0619525868306557 0.0248424976820271 -999 -999 -999 -999 -999 -999
0.0216244679521782 0.050483140210987 0.0824080607640918 0.257840399731776 -999 -999 -999 -999 -999 -999
0.021538528862577 0.0560102844597905 0.0692130649283391 0.0585645506409784 -999 -999 -999 -999 -999 -999
0.0455807000770643 0.0563747235367816 0.0614123662628788 0.0245908621163178 -999 -999 -999 -999 -999 -999
0.0221870852093145 0.0614743929236681 0.0829775691461082 0.0262189657951394 -999 -999 -999 -999 -999 -999
0.0357626760911304 0.0637405562012598 0.0654033274431109 0.0435786591676914 -999 -999 -999 -999 -999 -999
-999 -999 -999 -999 -999 -999 -999 -999 -999 -999
-999 -999 -999 -999 -999 -999 -999 -999 -999 -999
-999 -999 -999 -999 -999 -999 -999 -999 -999 -999
-999 -999 -999 -999 -999 -999 -999 -999 -999 -999
-999 -999 -999 -999 -999 -999 -999 -999 -999 -999
-999 -999 -999 -999 -999 -999 -999 -999 -999 -999
-999 -999 -999 -999 -999 -999 -999 -999 -999 -999
-999 -999 -999 -999 -999 -999 -999 -999 -999 -999
-999 -999 -999 -999 -999 -999 -999 -999 -999 -999
0.0209538742782196 0.0488569110347198 0.059279208929941 0.0231818995777708 -999 -999 -999 -999 -999 -999
0.020415721884217 0.0557178667977618 0.070929473843695 0.0259756981035105 -999 -999 -999 -999 -999 -999
0.0418041357552246 0.0403972554007253 0.0334165913266577 0.0224498729232421 -999 -999 -999 -999 -999 -999
0.0821170789597687 0.0447254651685279 0.0564610271411325 0.179413320877372 -999 -999 -999 -999 -999 -999
0.0408859086895051 0.0411325833089662 0.0323022627768834 0.0220209440307351 -999 -999 -999 -999 -999 -999
0.0866811374714371 0.0528712495003484 0.0744941614479091 0.305726766175222 -999 -999 -999 -999 -999 -999
0.0215579785950712 0.103773133963938 0.0806894595487603 0.0235531050641675 -999 -999 -999 -999 -999 -999
0.0598894321235996 0.0368763246530153 0.0351467059735179 0.0230355662015662 -999 -999 -999 -999 -999 -999
0.139785594949095 0.079822819255841 0.0674467332466409 0.0238603525345298 -999 -999 -999 -999 -999 -999
0.0946967046306323 0.0835600971449628 0.202716252479201 0.206823095731108 -999 -999 -999 -999 -999 -999
0.155434911477299 0.123641573771591 0.0647914987363587 0.0225628862877494 -999 -999 -999 -999 -999 -999
0.0208964444050868 0.0945322811530626 0.0615344278074621 0.0506328324056712 -999 -999 -999 -999 -999 -999
0.0446499896841031 0.0782269330048875 0.0808950466214701 0.0246882406180767 -999 -999 -999 -999 -999 -999
0.170231087096741 0.115865505841653 0.0798971501203704 0.0460754194692785 -999 -999 -999 -999 -999 -999
-999 -999 -999 -999 -999 -999 -999 -999 -999 -999
-999 -999 -999 -999 -999 -999 -999 -999 -999 -999
-999 -999 -999 -999 -999 -999 -999 -999 -999 -999
-999 -999 -999 -999 -999 -999 -999 -999 -999 -999
-999 -999 -999 -999 -999 -999 -999 -999 -999 -999
-999 -999 -999 -999 -999 -999 -999 -999 -999 -999
-999 -999 -999 -999 -999 -999 -999 -999 -999 -999
0.313973779905997 0.0466371858266357 0.0356902093459195 0.619103449022104 -999 -999 -999 -999 -999 -999
0.205779295732813 0.274898693951443 0.274888237110696 0.0356034363964779 -999 -999 -999 -999 -999 -999
0.0663934000842404 0.0787322096385092 0.0747760927177465 0.0241762692694727 -999 -999 -999 -999 -999 -999
0.0228470241028428 0.170038294045663 0.103612037826419 0.023387604163536 -999 -999 -999 -999 -999 -999
0.0206754606076935 0.0573568035721529 0.0609055080777758 0.0236940203203339 -999 -999 -999 -999 -999 -999
0.0430599388460453 0.048049760703181 0.0560281001477823 0.0243059681131924 -999 -999 -999 -999 -999 -999
0.020524235983779 0.0714486901187135 0.120712376500628 0.0292408883826123 -999 -999 -999 -999 -999 -999
0.0197012487058283 0.0420260759829671 0.0368079432442596 0.0482262303382795 -999 -999 -999 -999 -999 -999
0.0420754634662172 0.0467417162291065 0.0343065361147667 0.0257494949529137 -999 -999 -999 -999 -999 -999
0.0197570849484326 0.0522175005045976 0.055322278015161 0.0245123086606181 -999 -999 -999 -999 -999 -999
0.0207705927571405 0.056480145838898 0.0846220827381221 0.0243618453956989 -999 -999 -999 -999 -999 -999
0.204442474858969 0.0553729235881332 0.0623285981607225 0.0976384849847601 -999 -999 -999 -999 -999 -999
-999 -999 -999 -999 -999 -999 -999 -999 -999 -999
-999 -999 -999 -999 -999 -999 -999 -999 -999 -999
-999 -999 -999 -999 -999 -999 -999 -999 -999 -999
-999 -999 -999 -999 -999 -999 -999 -999 -999 -999
-999 -999 -999 -999 -999 -999 -999 -999 -999 -999
-999 -999 -999 -999 -999 -999 -999 -999 -999 -999
-999 -999 -999 -999 -999 -999 -999 -999 -999 -999
-999 -999 -999 -999 -999 -999 -999 -999 -999 -999
-999 -999 -999 -999 -999 -999 -999 -999 -999 -999
0.0400640946968451 0.0388071921078935 0.0276161649662368 0.0216273757560179 -999 -999 -999 -999 -999 -999
0.0193127026891756 0.0450406671197735 0.0570164278330726 0.0239782420283603 -999 -999 -999 -999 -999 -999
0.0225496214999566 0.051731177778838 0.0743081536639844 0.025000361514603 -999 -999 -999 -999 -999 -999
0.0412067432765319 0.0360365766168771 0.0321932620578383 0.0210735872831348 -999 -999 -999 -999 -999 -999
0.123579544090067 0.0400259408517829 0.0310397383120901 0.0213693301513451 -999 -999 -999 -999 -999 -999
0.127209431134716 0.0390590296192613 0.0340167289782716 0.0422520526795508 -999 -999 -999 -999 -999 -999
0.0433091103367724 0.0510856443064995 0.0751147397731804 0.0906615286461413 -999 -999 -999 -999 -999 -999
0.0629242320393413 0.0715429991142043 0.0646376261038406 0.0771659263672668 -999 -999 -999 -999 -999 -999
0.112964290437634 0.108532728381632 0.116739759413968 0.366108373896622 -999 -999 -999 -999 -999 -999
0.252877001648618 0.161391734255284 0.151530366921013 0.0476005199943999 -999 -999 -999 -999 -999 -999
0.0412167093372704 0.0885888382235083 0.129288234752406 0.0278521783945378 -999 -999 -999 -999 -999 -999
0.0193295139592326 0.112100872469448 0.0655020601435728 0.0438949453509327 -999 -999 -999 -999 -999 -999
0.019785559381479 0.0697610895857539 0.043144461274091 0.0217756314332938 -999 -999 -999 -999 -999 -999
0.0210589264939399 0.0375724155262461 0.0320288344867669 0.108963071023138 -999 -999 -999 -999 -999 -999
0.0526125189784203 0.0487230940429981 0.0658234413196671 0.0606768754806557 -999 -999 -999 -999 -999 -999
-999 -999 -999 -999 -999 -999 -999 -999 -999 -999
-999 -999 -999 -999 -999 -999 -999 -999 -999 -999
-999 -999 -999 -999 -999 -999 -999 -999 -999 -999
-999 -999 -999 -999 -999 -999 -999 -999 -999 -999
-999 -999 -999 -999 -999 -999 -999 -999 -999 -999
-999 -999 -999 -999 -999 -999 -999 -999 -999 -999
0.0217141094929872 0.0450422325565043 0.0552867717657056 0.0256602477503096 -999 -999 -999 -999 -999 -999
0.148341235591235 0.04568720673888 0.0522512176919367 0.0243469264837986 -999 -999 -999 -999 -999 -999
0.0989913026809766 0.108292468104001 0.098451766543868 0.178768771686265 -999 -999 -999 -999 -999 -999
0.192045302205272 0.0500760108273916 0.0727597528952427 0.0890398544093483 -999 -999 -999 -999 -999 -999
0.0189503368584847 0.0597126726365899 0.114461074692945 0.137207226074935 -999 -999 -999 -999 -999 -999
0.0629964696830243 0.169726649686145 0.109896305959764 0.042825286127211 -999 -999 -999 -999 -999 -999
0.12007782548598 0.139446428780055 0.13242539439318 0.304107650318634 -999 -999 -999 -999 -999 -999
0.0203567526132984 0.0696219948079247 0.0624694867426937 0.0426650009775978 -999 -999 -999 -999 -999 -999
0.0989117448987389 0.0409275753186323 0.0312918466408259 0.0225960474670162 -999 -999 -999 -999 -999 -999
0.0213879175014801 0.0625615890762108 0.0445548428030992 0.0202175957128064 -999 -999 -999 -999 -999 -999
0.0636740049306589 0.0356363828360729 0.0319807410479106 0.0202798449685897 -999 -999 -999 -999 -999 -999
0.021769098176415 0.0509189869541229 0.0711286606964866 0.0252248242056159 -999 -999 -999 -999 -999 -999
0.0195695720108198 0.0440699059251569 0.0582746407814678 0.0242680095021725 -999 -999 -999 -999 -999 -999
0.0414176472638033 0.0365607250269381 0.0322039341865763 0.0211908616400663 -999 -999 -999 -999 -999 -999
0.0497966806068252 0.0417191707253746 0.0325635631582987 0.0216018526756342 -999 -999 -999 -999 -999 -999
-999 -999 -999 -999 -999 -999 -999 -999 -999 -999
-999 -999 -999 -999 -999 -999 -999 -999 -999 -999
-999 -999 -999 -999 -999 -999 -999 -999 -999 -999
-999 -999 -999 -999 -999 -999 -999 -999 -999 -999
-999 -999 -999 -999 -999 -999 -999 -999 -999 -999
-999 -999 -999 -999 -999 -999 -999 -999 -999 -999
0.0179038099556926 0.0426422294534681 0.0615404728798325 0.0225346111191825 -999 -999 -999 -999 -999 -999
0.0347192421381454 0.0367785106261529 0.0506353553268616 0.018778919370106 -999 -999 -999 -999 -999 -999
0.130504574245928 0.0348283479682577 0.0276134182928997 0.019712577879877 -999 -999 -999 -999 -999 -999
0.0180197311597651 0.0334314568274867 0.0273795592823078 0.0366017376889341 -999 -999 -999 -999 -999 -999
0.0692617433892253 0.0318151795040868 0.02676082901583 0.0187328615292971 -999 -999 -999 -999 -999 -999
0.0535082028765021 0.0485756875154915 0.0371924692818347 0.0203163433800328 -999 -999 -999 -999 -999 -999
0.0171143408522548 0.0725240837433712 0.0453249740540282 0.0183922965586298 -999 -999 -999 -999 -999 -999
0.017296942360059 0.0533041334900055 0.0386836696737699 0.0219018425076053 -999 -999 -999 -999 -999 -999
0.0573458665535918 0.0546895819892723 0.11319114405128 0.0673784421603572 -999 -999 -999 -999 -999 -999
0.0713438791034481 0.0654484109023262 0.0804989114784025 0.193863452383479 -999 -999 -999 -999 -999 -999
0.0892397149685999 0.0315978288624871 0.0283040842713533 0.0190713558492022 -999 -999 -999 -999 -999 -999
0.0184790582376343 0.0400639756819874 0.05802898989169 0.0420698326606215 -999 -999 -999 -999 -999 -999
0.0567186095826659 0.0371276640234245 0.0445543793468388 0.0199347068007793 -999 -999 -999 -999 -999 -999
0.0746139656891416 0.0316693055698479 0.0269402629127502 0.0197114776128615 -999 -999 -999 -999 -999 -999
0.0162200399714225 0.0324145547766406 0.0271221617869137 0.115817226094933 -999 -999 -999 -999 -999 -999
0.0399540338404156 0.0681978070266704 0.0889126839266641 0.227644376863284 -999 -999 -999 -999 -999 -999
0.054767487140347 0.114931310055091 0.0650350720266501 0.0174424687205626 -999 -999 -999 -999 -999 -999
0.0746313845467489 0.0589622964263216 0.0431239235723412 0.0167975305834739 -999 -999 -999 -999 -999 -999
0.0173109138550531 0.0378838390372275 0.0457061732631681 0.0208134742614621 -999 -999 -999 -999 -999 -999
0.018395108363719 0.0298737540953749 0.0262227017485611 0.0369136677493861 -999 -999 -999 -999 -999 -999
0.0526513511696402 0.0432400424250086 0.037228763916023 0.0255707982259338 -999 -999 -999 -999 -999 -999
0.0765158353995715 0.0715089810294799 0.0461119963277464 0.0284117607850709 -999 -999 -999 -999 -999 -999
0.522116104354813 0.43078611908127 0.381975977896515 0.50176540516578 -999 -999 -999 -999 -999 -999
0.229039258746386 0.225944139189003 0.338442980339098 0.36452222221174 -999 -999 -999 -999 -999 -999
0.0253052732261048 0.0860186418263674 0.0981246344604905 0.0304181092792129 -999 -999 -999 -999 -999 -999
0.04922699983744 0.069767486865599 0.049749683662594 0.0262100675220938 -999 -999 -999 -999 -999 -999
0.0977965284356842 0.11597463200828 0.0855947273135566 0.0486724350361011 -999 -999 -999 -999 -999 -999
-999 -999 -999 -999 -999 -999 -999 -999 -999 -999
-999 -999 -999 -999 -999 -999 -999 -999 -999 -999
-999 -999 -999 -999 -999 -999 -999 -999 -999 -999
-999 -999 -999 -999 -999 -999 -999 -999 -999 -999
-999 -999 -999 -999 -999 -999 -999 -999 -999 -999
-999 -999 -999 -999 -999 -999 -999 -999 -999 -999
-999 -999 -999 -999 -999 -999 -999 -999 -999 -999
-999 -999 -999 -999 -999 -999 -999 -999 -999 -999
-999 -999 -999 -999 -999 -999 -999 -999 -999 -999
-999 -999 -999 -999 -999 -999 -999 -999 -999 -999
-999 -999 -999 -999 -999 -999 -999 -999 -999 -999
-999 -999 -999 -999 -999 -999 -999 -999 -999 -999
-999 -999 -999 -999 -999 -999 -999 -999 -999 -999
-999 -999 -999 -999 -999 -999 -999 -999 -999 -999
-999 -999 -999 -999 -999 -999 -999 -999 -999 -999
-999 -999 -999 -999 -999 -999 -999 -999 -999 -999
-999 -999 -999 -999 -999 -999 -999 -999 -999 -999
-999 -999 -999 -999 -999 -999 -999 -999 -999 -999
-999 -999 -999 -999 -999 -999 -999 -999 -999 -999
-999 -999 -999 -999 -999 -999 -999 -999 -999 -999
-999 -999 -999 -999 -999 -999 -999 -999 -999 -999
-999 -999 -999 -999 -999 -999 -999 -999 -999 -999
-999 -999 -999 -999 -999 -999 -999 -999 -999 -999
-999 -999 -999 -999 -999 -999 -999 -999 -999 -999
-999 -999 -999 -999 -999 -999 -999 -999 -999 -999
-999 -999 -999 -999 -999 -999 -999 -999 -999 -999
-999 -999 -999 -999 -999 -999 -999 -999 -999 -999
-999 -999 -999 -999 -999 -999 -999 -999 -999 -999
-999 -999 -999 -999 -999 -999 -999 -999 -999 -999
-999 -999 -999 -999 -999 -999 -999 -999 -999 -999
-999 -999 -999 -999 -999 -999 -999 -999 -999 -999
-999 -999 -999 -999 -999 -999 -999 -999 -999 -999
-999 -999 -999 -999 -999 -999 -999 -999 -999 -999
-999 -999 -999 -999 -999 -999 -999 -999 -999 -999
-999 -999 -999 -999 -999 -999 -999 -999 -999 -999
-999 -999 -999 -999 -999 -999 -999 -999 -999 -999
-999 -999 -999 -999 -999 -999 -999 -999 -999 -999
-999 -999 -999 -999 -999 -999 -999 -999 -999 -999
-999 -999 -999 -999 -999 -999 -999 -999 -999 -999
-999 -999 -999 -999 -999 -999 -999 -999 -999 -999
-999 -999 -999 -999 -999 -999 -999 -999 -999 -999
-999 -999 -999 -999 -999 -999 -999 -999 -999 -999
-999 -999 -999 -999 -999 -999 -999 -999 -999 -999
-999 -999 -999 -999 -999 -999 -999 -999 -999 -999
-999 -999 -999 -999 -999 -999 -999 -999 -999 -999
-999 -999 -999 -999 -999 -999 -999 -999 -999 -999
-999 -999 -999 -999 -999 -999 -999 -999 -999 -999
-999 -999 -999 -999 -999 -999 -999 -999 -999 -999
-999 -999 -999 -999 -999 -999 -999 -999 -999 -999
-999 -999 -999 -999 -999 -999 -999 -999 -999 -999
-999 -999 -999 -999 -999 -999 -999 -999 -999 -999
-999 -999 -999 -999 -999 -999 -999 -999 -999 -999
-999 -999 -999 -999 -999 -999 -999 -999 -999 -999
-999 -999 -999 -999 -999 -999 -999 -999 -999 -999
-999 -999 -999 -999 -999 -999 -999 -999 -999 -999
-999 -999 -999 -999 -999 -999 -999 -999 -999 -999
-999 -999 -999 -999 -999 -999 -999 -999 -999 -999
