28
29
28
28
28
32
35
36
36
37
33
30
31
27
28
26
29
31
34
28
33
37
37
35
36
34
36
41
37
38
37
34
30
33
32
35
31
31
33
34
34
35
35
35
41
42
39
39
39
37
39
39
39
41
38
39
37
34
32
35
39
42
44
43
44
45
44
40
41
43
46
43
39
39
46
45
36
34
36
36
39
40
40
41
41
41
43
43
41
40
41
41
40
41
41
42
40
39
38
40
40
34
36
36
38
39
41
43
38
36
43
40
38
42
41
41
41
41
46
45
46
45
40
36
38
34
35
32
31
37
38
39
34
38
38
39
38
40
37
39
38
38
40
38
32
28
25
26
24
26
29
28
28
25
19
13
10
11
12
14
22
21
25
24
21
20
21
19
17
10
10
11
10
13
18
21
20
23
23
22
26
23
23
22
17
19
18
15
14
9
10
10
11
9
8
9
9
8
7
7
7
5
4
5
5
5
6
5
6
5
7
6
6
7
7
5
4
4
6
6
6
8
8
6
5
4
6
6
4
4
4
4
4
3
3
3
3
3
3
3
3
3
3
3
5
6
6
8
7
8
8
11
11
11
11
9
10
10
6
6
7
8
6
5
6
10
7
5
7
9
11
13
13
11
9
8
7
6
6
8
9
10
5
4
6
8
8
10
8
9
13
15
10
8
6
4
4
5
6
6
7
5
4
5
5
5
5
4
4
7
5
4
8
6
5
6
5
5
8
7
5
4
7
10
11
11
12
9
7
7
8
9
6
7
8
13
11
12
14
9
12
11
16
14
17
18
19
20
23
24
25
19
18
25
23
25
28
24
24
27
30
28
30
30
30
32
36
33
34
35
39
36
39
37
37
37
37
34
32
27
25
22
20
19
18
18
22
23
21
26
27
27
24
27
26
23
23
22
17
17
17
13
11
8
9
8
8
9
13
9
12
15
13
12
10
13
14
14
13
14
12
15
15
20
25
30
28
30
37
36
39
36
37
32
31
27
31
24
23
22
23
24
20
19
20
16
13
12
10
10
8
7
6
4
4
5
6
6
4
5
4
5
6
4
5
7
7
6
5
9
6
5
8
7
6
6
5
6
4
4
6
6
5
5
5
7
9
9
10
6
3
3
3
3
5
5
7
6
8
10
10
9
8
5
6
5
7
6
5
9
8
11
9
7
5
5
5
5
9
11
10
7
6
5
5
7
9
8
9
9
8
5
7
8
10
8
7
7
7
7
8
5
7
7
8
8
10
10
7
8
6
9
9
7
10
12
10
10
10
8
12
12
8
9
4
5
4
9
11
10
9
8
9
8
10
11
16
17
13
13
17
17
14
20
21
22
19
20
22
19
19
17
16
14
14
13
13
14
13
18
19
16
19
17
20
20
20
19
20
21
21
22
23
22
27
26
27
32
29
30
31
30
33
29
30
32
30
29
30
29
26
19
17
17
21
23
25
28
26
28
23
23
21
19
19
20
20
18
20
21
27
25
24
24
30
33
35
34
33
30
37
34
36
34
34
29
25
27
25
27
31
32
35
37
40
38
36
32
34
34
37
36
43
39
43
40
35
36
36
35
33
31
37
34
30
32
26
28
20
21
20
16
19
13
8
4
4
5
4
5
5
6
9
8
10
9
6
8
5
5
4
7
12
12
10
10
13
19
20
18
18
16
18
18
15
18
20
25
25
26
28
24
25
23
16
18
21
20
19
21
17
15
19
16
20
20
17
17
19
18
17
18
17
14
10
12
6
9
7
8
6
10
13
10
13
9
12
12
8
9
13
11
10
8
6
4
4
5
4
6
5
8
9
6
6
5
7
11
10
7
8
8
6
5
6
7
6
5
7
7
8
8
7
11
10
14
15
17
19
17
18
21
20
20
22
23
25
26
22
19
21
21
20
17
18
16
16
19
24
23
22
21
22
25
27
32
30
28
32
30
31
34
35
34
37
37
35
34
40
42
39
41
42
44
41
45
48
50
53
48
48
51
51
55
59
58
54
58
55
56
53
52
53
52
51
48
44
46
44
46
47
50
44
38
39
39
43
41
41
42
42
45
39
39
37
35
36
39
33
31
32
36
36
35
43
43
41
40
39
39
38
32
28
29
28
32
31
28
34
35
32
31
34
36
36
30
26
22
21
23
25
18
20
17
16
14
14
13
13
11
12
11
10
13
11
14
13
9
7
10
14
14
15
14
14
17
15
21
25
29
32
28
26
24
21
20
20
20
17
19
19
22
19
18
17
14
13
13
16
16
8
7
5
4
6
6
6
7
6
5
