527.988653356073 4549.91162263539 0.178947368421053 0.521052631578947 0.178947368421053 0.121052631578947 0 0 0 0 0 0
527.988653356073 4549.91162263539 0.178947368421053 0.521052631578947 0.178947368421053 0.121052631578947 0 0 0 0 0 0
527.988653356073 4549.91162263539 0.178947368421053 0.521052631578947 0.178947368421053 0.121052631578947 0 0 0 0 0 0
527.988653356073 4549.91162263539 0.178947368421053 0.521052631578947 0.178947368421053 0.121052631578947 0 0 0 0 0 0
527.988653356073 4549.91162263539 0.178947368421053 0.521052631578947 0.178947368421053 0.121052631578947 0 0 0 0 0 0
527.988653356073 4549.91162263539 0.178947368421053 0.521052631578947 0.178947368421053 0.121052631578947 0 0 0 0 0 0
527.988653356073 4549.91162263539 0.178947368421053 0.521052631578947 0.178947368421053 0.121052631578947 0 0 0 0 0 0
527.988653356073 4549.91162263539 0.178947368421053 0.521052631578947 0.178947368421053 0.121052631578947 0 0 0 0 0 0
527.988653356073 4549.91162263539 0.178947368421053 0.521052631578947 0.178947368421053 0.121052631578947 0 0 0 0 0 0
527.988653356073 4549.91162263539 0.178947368421053 0.521052631578947 0.178947368421053 0.121052631578947 0 0 0 0 0 0
527.988653356073 4549.91162263539 0.178947368421053 0.521052631578947 0.178947368421053 0.121052631578947 0 0 0 0 0 0
527.988653356073 4549.91162263539 0.178947368421053 0.521052631578947 0.178947368421053 0.121052631578947 0 0 0 0 0 0
527.988653356073 4549.91162263539 0.178947368421053 0.521052631578947 0.178947368421053 0.121052631578947 0 0 0 0 0 0
483.213622419128 4553.5740704624 0.507894736842105 0.194736842105263 0.134210526315789 0.163157894736842 0 0 0 0 0 0
483.213622419128 4553.5740704624 0.507894736842105 0.194736842105263 0.134210526315789 0.163157894736842 0 0 0 0 0 0
483.213622419128 4553.5740704624 0.507894736842105 0.194736842105263 0.134210526315789 0.163157894736842 0 0 0 0 0 0
483.213622419128 4553.5740704624 0.507894736842105 0.194736842105263 0.134210526315789 0.163157894736842 0 0 0 0 0 0
483.213622419128 4553.5740704624 0.507894736842105 0.194736842105263 0.134210526315789 0.163157894736842 0 0 0 0 0 0
483.213622419128 4553.5740704624 0.507894736842105 0.194736842105263 0.134210526315789 0.163157894736842 0 0 0 0 0 0
483.213622419128 4553.5740704624 0.507894736842105 0.194736842105263 0.134210526315789 0.163157894736842 0 0 0 0 0 0
483.213622419128 4553.5740704624 0.507894736842105 0.194736842105263 0.134210526315789 0.163157894736842 0 0 0 0 0 0
483.213622419128 4553.5740704624 0.507894736842105 0.194736842105263 0.134210526315789 0.163157894736842 0 0 0 0 0 0
483.213622419128 4553.5740704624 0.507894736842105 0.194736842105263 0.134210526315789 0.163157894736842 0 0 0 0 0 0
483.213622419128 4553.5740704624 0.507894736842105 0.194736842105263 0.134210526315789 0.163157894736842 0 0 0 0 0 0
483.213622419128 4553.5740704624 0.507894736842105 0.194736842105263 0.134210526315789 0.163157894736842 0 0 0 0 0 0
483.213622419128 4553.5740704624 0.507894736842105 0.194736842105263 0.134210526315789 0.163157894736842 0 0 0 0 0 0
483.213622419128 4553.5740704624 0.507894736842105 0.194736842105263 0.134210526315789 0.163157894736842 0 0 0 0 0 0
483.213622419128 4553.5740704624 0.507894736842105 0.194736842105263 0.134210526315789 0.163157894736842 0 0 0 0 0 0
483.213622419128 4553.5740704624 0.507894736842105 0.194736842105263 0.134210526315789 0.163157894736842 0 0 0 0 0 0
483.213622419128 4553.5740704624 0.507894736842105 0.194736842105263 0.134210526315789 0.163157894736842 0 0 0 0 0 0
546.022136622313 4575.90348420615 0.178947368421053 0.521052631578947 0.178947368421053 0.121052631578947 0 0 0 0 0 0
546.022136622313 4575.90348420615 0.178947368421053 0.521052631578947 0.178947368421053 0.121052631578947 0 0 0 0 0 0
589.053245479369 4592.95935070292 0.126315789473684 0.157894736842105 0.471052631578947 0.244736842105263 0 0 0 0 0 0
589.053245479369 4592.95935070292 0.126315789473684 0.157894736842105 0.471052631578947 0.244736842105263 0 0 0 0 0 0
589.053245479369 4592.95935070292 0.126315789473684 0.157894736842105 0.471052631578947 0.244736842105263 0 0 0 0 0 0
589.053245479369 4592.95935070292 0.126315789473684 0.157894736842105 0.471052631578947 0.244736842105263 0 0 0 0 0 0
589.053245479369 4592.95935070292 0.126315789473684 0.157894736842105 0.471052631578947 0.244736842105263 0 0 0 0 0 0
589.053245479369 4592.95935070292 0.126315789473684 0.157894736842105 0.471052631578947 0.244736842105263 0 0 0 0 0 0
542.847692443441 4640.65665926354 0.171052631578947 0.163157894736842 0.223684210526316 0.442105263157895 0 0 0 0 0 0
542.847692443441 4640.65665926354 0.171052631578947 0.163157894736842 0.223684210526316 0.442105263157895 0 0 0 0 0 0
542.847692443441 4640.65665926354 0.171052631578947 0.163157894736842 0.223684210526316 0.442105263157895 0 0 0 0 0 0
542.847692443441 4640.65665926354 0.171052631578947 0.163157894736842 0.223684210526316 0.442105263157895 0 0 0 0 0 0
542.847692443441 4640.65665926354 0.171052631578947 0.163157894736842 0.223684210526316 0.442105263157895 0 0 0 0 0 0
542.847692443441 4640.65665926354 0.171052631578947 0.163157894736842 0.223684210526316 0.442105263157895 0 0 0 0 0 0
542.847692443441 4640.65665926354 0.171052631578947 0.163157894736842 0.223684210526316 0.442105263157895 0 0 0 0 0 0
542.847692443441 4640.65665926354 0.171052631578947 0.163157894736842 0.223684210526316 0.442105263157895 0 0 0 0 0 0
542.847692443441 4640.65665926354 0.171052631578947 0.163157894736842 0.223684210526316 0.442105263157895 0 0 0 0 0 0
