	r62	r65	r69	r76	r81	r82	r86	r91	r96	r97	r100	r119	r121	r127	r129	r153	r154	r162	r177	r180	r186	r189	r193	r195	r198	r201	r207	r213	r221
amara-7568-1	0	0	1	1	1	0	0	0	1	0	0	1	1	0	0	1	0	0	1	0	1	1	1	1	0	0	0	0	0
amara-7568-2	0	0	1	1	0	0	0	0	0	0	0	1	1	0	0	1	0	0	1	0	0	1	0	0	0	0	0	0	1
amara-7568-3	0	0	1	1	0	0	0	0	1	0	0	1	0	0	0	0	0	0	1	0	0	1	0	0	0	0	0	1	1
amara-7568-4	0	0	1	1	1	0	0	0	0	0	0	1	1	0	0	1	0	0	0	0	1	1	0	1	0	0	0	0	0
amara-7568-5	0	0	1	1	0	0	0	0	0	0	0	1	1	0	0	1	0	0	1	0	0	1	0	0	0	0	0	0	1
amara-7568-6	0	0	1	1	1	0	0	0	0	0	0	1	0	0	0	1	0	0	1	0	1	1	0	1	0	0	0	1	1
amara-7868-1	0	0	1	1	0	0	0	0	0	0	0	0	0	0	0	0	0	0	1	0	0	1	0	0	0	0	0	1	0
amara-7868-2	0	0	1	1	0	0	0	0	0	0	0	0	0	0	0	0	0	0	1	0	0	1	0	0	0	0	0	1	0
amara-7868-3	0	0	1	1	0	0	0	0	1	0	0	1	1	0	0	1	0	0	1	0	0	1	0	0	0	0	0	0	0
amara-7046-1	1	0	1	1	0	0	1	0	0	0	0	1	0	1	0	0	0	0	1	0	1	1	1	0	0	0	0	1	0
amara-6345-1	1	0	1	1	0	0	0	0	0	0	0	1	0	0	0	0	0	0	1	1	0	1	0	0	0	0	0	1	0
amara-6345-2	1	0	1	1	0	0	0	0	0	1	0	1	1	0	0	0	0	1	1	0	1	0	1	0	0	0	0	1	0
amara-6345-3	1	0	1	1	0	0	1	0	0	1	0	1	1	0	0	1	0	1	1	0	1	1	1	0	0	0	0	1	0
amara-6345-4	1	0	1	1	0	0	0	0	0	1	0	1	1	0	0	0	0	1	1	0	1	0	1	0	0	0	0	1	0
amara-6345-5	1	0	1	1	0	0	0	0	0	0	0	1	1	0	0	1	0	0	1	1	0	1	0	0	0	0	0	1	0
amara-6249-1	1	0	1	1	0	0	1	1	0	1	0	1	0	0	0	1	1	0	1	0	1	1	1	0	0	0	0	1	0
amara-6249-2	1	0	1	1	0	0	1	1	0	1	0	1	0	0	0	1	0	0	1	0	1	1	1	0	0	0	0	1	0
amara-6249-3	1	0	1	1	0	0	1	1	0	1	0	1	0	0	0	1	1	0	1	0	1	1	1	0	0	0	0	1	0
amara-6249-4	1	0	1	1	0	0	1	1	0	1	0	1	0	1	0	1	1	0	1	0	1	1	1	0	0	0	0	1	0
amara-6249-5	1	0	1	1	0	0	1	1	0	1	0	1	0	0	0	1	1	0	1	0	1	1	1	0	0	0	0	1	0