			msta93	msta101	msta102	msta103	msta105	msta131	msta143	msta44B	msta53	msta61	msta73	msta78
H01	1	0	269	198	221	419	197	196	237	163	211	132	279	150
H01	1	0	269	198	223	419	197	196	251	163	233	136	291	152
H02	1	0	275	198	221	419	193	168	243	163	211	128	293	150
H02	1	0	283	198	223	419	193	190	251	163	215	136	293	152
H03	1	0	275	198	221	419	193	190	237	163	215	132	279	150
H03	1	0	299	198	223	419	197	196	243	163	233	136	293	152
H04	1	0	275	198	221	419	193	168	243	163	215	128	279	150
H04	1	0	275	198	221	419	193	196	251	163	215	136	293	152
H05	1	0	275	198	221	419	193	168	243	163	215	128	279	150
H05	1	0	275	198	221	419	193	196	251	163	215	136	293	152
H06	1	0	275	198	221	419	193	190	243	163	215	128	283	150
H06	1	0	293	198	223	421	193	196	243	195	215	130	291	152
H07	1	0	275	198	211	419	197	168	243	163	211	128	279	150
H07	1	0	299	198	211	419	197	196	251	163	215	136	291	150
H08	1	0	275	198	211	419	193	168	237	163	215	130	277	150
H08	1	0	275	180	211	419	193	190	243	163	215	136	291	150
H09	1	0	283	198	211	399	193	190	237	163	219	132	279	152
H09	1	0	283	180	221	419	193	196	243	163	227	136	291	152
H10	1	0	275	198	221	419	193	168	237	163	215	130	277	150
H10	1	0	275	180	223	419	193	190	243	163	215	136	293	150
H11	1	0	275	198	211	419	193	190	237	163	215	132	279	150
H11	1	0	299	198	221	419	197	196	243	163	233	136	293	152
H12	1	0	275	198	221	419	193	190	237	163	215	132	279	150
H12	1	0	299	198	223	419	197	196	243	163	233	136	293	152
H13	1	0	275	198	221	419	193	168	243	163	209	128	293	150
H13	1	0	283	198	223	419	193	190	251	163	215	136	293	152
H14	2	0	227	198	221	397	-9	182	237	187	201	128	293	192
H14	2	0	227	198	231	415	182	237	195	201	122	293	-9	152
H15	2	0	299	198	221	399	193	168	237	163	209	126	263	150
H15	2	0	327	180	223	419	195	190	247	163	213	128	277	152
H16	2	0	299	198	221	399	193	168	237	163	211	126	263	150
H16	2	0	327	180	223	419	195	190	247	163	213	128	277	152
H17	2	0	273	198	211	397	185	166	251	163	215	130	279	150
H17	2	0	307	180	211	405	195	192	251	163	219	146	281	150
H18	2	0	273	198	209	397	195	168	253	163	207	136	287	150
H18	2	0	309	180	209	419	207	168	253	163	219	142	295	150
H19	2	0	273	198	211	397	195	168	253	163	207	136	289	150
H19	2	0	309	180	211	419	207	168	253	163	219	142	297	150
H20	2	0	271	198	221	397	185	190	249	163	215	130	279	150
H20	2	0	271	180	223	397	209	192	249	163	215	134	281	152
H21	2	0	337	198	211	403	209	168	243	163	215	126	261	152
H21	2	0	339	198	211	407	209	190	243	181	219	126	261	152
H22	2	0	273	198	209	397	185	190	243	163	207	130	253	148
H22	2	0	309	198	209	401	205	180	249	163	207	130	253	150
H23	2	0	273	198	211	397	185	190	243	163	207	130	253	148
H23	2	0	309	198	211	401	205	180	249	163	207	130	297	150
H24	2	0	337	198	211	403	187	168	261	163	215	126	261	152
H24	2	0	339	198	211	407	187	190	261	181	219	126	261	152
H25	2	0	273	198	221	397	185	166	251	165	219	130	279	150
H25	2	0	309	180	221	407	195	192	251	165	221	146	281	150
H26	2	0	273	198	211	397	195	168	253	165	209	136	289	150
H26	2	0	311	180	211	419	207	168	253	165	219	142	297	150
H27	2	0	273	198	221	397	195	168	253	165	209	136	287	150
H27	2	0	311	180	221	407	207	168	253	165	219	142	295	150
H28	2	0	271	198	221	397	185	166	249	165	209	128	253	150
H28	2	0	273	180	221	397	195	180	249	165	219	130	253	152
H29	2	0	273	198	221	397	185	166	249	165	209	130	253	150
H29	2	0	311	198	221	397	205	180	251	165	219	134	281	150
H30	2	0	271	198	221	397	193	166	241	165	219	126	253	150
H30	2	0	271	198	221	419	195	168	253	165	219	136	289	150
H31	3	0	269	198	211	399	193	198	255	163	213	128	257	150
H31	3	0	315	198	211	399	193	198	255	163	215	134	305	150
H32	3	0	269	198	211	403	201	190	251	163	213	136	279	150
H32	3	0	297	198	211	419	201	192	251	163	213	138	293	152
H33	4	0	273	180	221	397	199	168	261	165	219	136	263	150
H33	4	0	273	180	221	419	199	192	261	181	221	138	295	152
H34	4	0	273	198	221	403	211	190	253	165	219	134	297	150
H34	4	0	273	198	221	415	211	192	253	183	229	136	297	150
H35	4	0	267	198	221	403	209	192	245	165	215	128	269	150
H35	4	0	271	180	221	415	209	192	255	183	227	134	295	150
H36	4	0	273	198	221	415	209	190	249	165	213	134	275	150
H36	4	0	273	198	221	419	211	192	249	165	219	144	279	152
H37	4	0	273	198	221	403	211	190	253	165	219	134	293	150
H37	4	0	273	198	221	415	211	192	253	183	227	136	295	150
H38	4	0	267	198	221	403	209	192	245	165	215	128	269	150
H38	4	0	271	180	221	415	209	192	255	183	227	134	295	150
H39	5	0	339	198	211	397	191	194	251	165	219	132	279	150
H39	5	0	341	180	211	399	209	194	251	187	221	138	279	152
H40	5	0	273	198	221	401	187	168	245	191	213	126	279	150
H40	5	0	273	198	223	401	187	192	249	191	221	134	287	152
H41	5	0	325	198	211	399	197	168	261	181	219	130	277	152
H41	5	0	341	198	221	409	197	192	261	185	219	136	303	152
H42	5	0	341	198	221	401	-9	192	251	191	221	132	277	156
H42	5	0	343	198	221	409	192	245	187	219	130	275	-9	150
H43	5	0	341	198	221	399	-9	192	251	191	221	132	277	156
H43	5	0	343	198	221	409	192	245	187	219	130	275	-9	150
H44	5	0	275	198	221	415	197	198	237	165	211	114	283	150
H44	5	0	283	198	223	419	197	198	251	183	219	130	293	150
H45	5	0	283	198	221	403	-9	168	251	165	211	132	283	152
H45	5	0	283	180	221	419	168	237	165	211	128	279	-9	152
H46	5	0	275	198	221	419	193	168	243	165	215	128	277	150
H46	5	0	275	198	221	419	193	196	251	165	215	136	293	152
H47	5	0	275	198	221	419	193	168	243	165	215	128	277	150
H47	5	0	275	198	221	419	193	196	251	165	215	136	293	152