1420839216
1420839218
1420839220
1420839220
1420839222
1420839224
1420839224
1420839224
1420839226
1420839228
1420839228
1420839230
1420839230
1420839232
1420839236
1420839236
1420839237
1420839239
1420839241
1420839243
1420839245
1420839247
1420839249
1420839249
1420839256
1420839256
1420839258
1420839262
1420839264
1420839270
1420839273
1420839280
1420839282
1420839291
1420839302
1421428832
1421428834
1421428836
1421428836
1421428840
1421428840
1421428841
1421428842
1421428844
1421428846
1421428847
1421428852
1421428853
1421428854
1421428855
1421428857
1421428864
1421428866
1421428867
1421428873
1421428875
1421428881
1421428890
1421428897
1421428908
1421430075
1421430077
1421430078
1421430079
1421430081
1421430083
1421430083
1421430083
1421430085
1421430087
1421430087
1421430089
1421430089
1421430091
1421430095
1421430095
1421430097
1421430098
1421430100
1421430102
1421430104
1421430107
1421430108
1421430109
1421430116
1421430116
1421430119
1421430122
1421430123
1421430130
1421430133
1421430140
1421430142
1421430151
1421430162
