5.97153531387182 5.97153531387182 5.97153531387182 5.97153531387182
5.56687758602068 5.56687758602068 5.56687758602068 5.56687758602068
4.92938243426958 4.92938243426958 4.92938243426958 4.92938243426958
4.72764158485738 4.72764158485738 4.72764158485738 4.72764158485738
4.48763018140085 4.48763018140085 4.48763018140085 4.48763018140085
3.63215125304712 3.63215125304712 3.63215125304712 3.63215125304712
3.12610892908903 3.12610892908903 3.12610892908903 3.12610892908903
2.78633941124328 2.78633941124328 2.78633941124328 2.78633941124328
2.42583430885172 2.42583430885172 2.42583430885172 2.42583430885172
2.12392707121799 2.12392707121799 2.12392707121799 2.12392707121799
1.90505250033113 1.90505250033113 1.90505250033113 1.90505250033113
1.38789752001447 1.38789752001447 1.38789752001447 1.38789752001447
1.38789752001447 1.38789752001447 1.38789752001447 1.38789752001447
1.12170286803767 1.12170286803767 1.12170286803767 1.12170286803767
0.71379777123396 0.71379777123396 0.71379777123396 0.71379777123396
0.49473176843444 0.49473176843444 0.49473176843444 0.49473176843444
0.610269943684674 0.610269943684674 0.610269943684674 0.610269943684674
0.591640336254579 0.591640336254579 0.591640336254579 0.591640336254579
0.630165966343081 0.630165966343081 0.630165966343081 0.630165966343081
0.598247932250489 0.598247932250489 0.598247932250489 0.598247932250489
0.523953180331898 0.523953180331898 0.523953180331898 0.523953180331898
0.564965960363466 0.564965960363466 0.564965960363466 0.564965960363466
0.543661613799624 0.543661613799624 0.543661613799624 0.543661613799624
0.499037671889575 0.499037671889575 0.499037671889575 0.499037671889575
0.534448935142279 0.534448935142279 0.534448935142279 0.534448935142279
0.565155258075931 0.565155258075931 0.565155258075931 0.565155258075931
0.486352738775844 0.486352738775844 0.486352738775844 0.486352738775844
0.515726408104357 0.515726408104357 0.515726408104357 0.515726408104357
0.527844198496782 0.527844198496782 0.527844198496782 0.527844198496782
0.554696465237077 0.554696465237077 0.554696465237077 0.554696465237077
0.542048586265349 0.542048586265349 0.542048586265349 0.542048586265349
0.502338159792785 0.502338159792785 0.502338159792785 0.502338159792785
0.475967395093068 0.475967395093068 0.475967395093068 0.475967395093068
0.474991502180261 0.474991502180261 0.474991502180261 0.474991502180261
0.462978836105525 0.462978836105525 0.462978836105525 0.462978836105525
0.500340152683455 0.500340152683455 0.500340152683455 0.500340152683455
0.495541475137879 0.495541475137879 0.495541475137879 0.495541475137879
0.468537594331547 0.468537594331547 0.468537594331547 0.468537594331547
0.532580248700108 0.532580248700108 0.532580248700108 0.532580248700108
0.478470184164624 0.478470184164624 0.478470184164624 0.478470184164624
0.496477510817439 0.496477510817439 0.496477510817439 0.496477510817439
0.468712236017574 0.468712236017574 0.468712236017574 0.468712236017574
0.464645329360778 0.464645329360778 0.464645329360778 0.464645329360778
0.427804912526749 0.427804912526749 0.427804912526749 0.427804912526749
0.46949419514609 0.46949419514609 0.46949419514609 0.46949419514609
0.433615667345314 0.433615667345314 0.433615667345314 0.433615667345314
0.454142816339933 0.454142816339933 0.454142816339933 0.454142816339933
0.414882037602757 0.414882037602757 0.414882037602757 0.414882037602757
0.463021284632346 0.463021284632346 0.463021284632346 0.463021284632346
0.466945772670424 0.466945772670424 0.466945772670424 0.466945772670424
0.432712688951096 0.432712688951096 0.432712688951096 0.432712688951096
0.503780931955724 0.503780931955724 0.503780931955724 0.503780931955724
0.474735091131747 0.474735091131747 0.474735091131747 0.474735091131747
0.474735091131747 0.474735091131747 0.474735091131747 0.474735091131747
0.407463894610478 0.407463894610478 0.407463894610478 0.407463894610478
0.4724538866288 0.4724538866288 0.4724538866288 0.4724538866288
0.393249911776109 0.393249911776109 0.393249911776109 0.393249911776109
0.477360145875018 0.477360145875018 0.477360145875018 0.477360145875018
0.459631435916117 0.459631435916117 0.459631435916117 0.459631435916117
0.475918339617319 0.475918339617319 0.475918339617319 0.475918339617319
0.419938327490137 0.419938327490137 0.419938327490137 0.419938327490137
0.45516848351492 0.45516848351492 0.45516848351492 0.45516848351492
0.431282011869943 0.431282011869943 0.431282011869943 0.431282011869943
0.395068811738926 0.395068811738926 0.395068811738926 0.395068811738926
0.425125313580739 0.425125313580739 0.425125313580739 0.425125313580739
0.423806161480549 0.423806161480549 0.423806161480549 0.423806161480549
0.388573785175186 0.388573785175186 0.388573785175186 0.388573785175186
0.411029445144727 0.411029445144727 0.411029445144727 0.411029445144727
0.393178646222396 0.393178646222396 0.393178646222396 0.393178646222396
0.438745294326976 0.438745294326976 0.438745294326976 0.438745294326976
0.407617385084246 0.407617385084246 0.407617385084246 0.407617385084246
0.406893631283188 0.406893631283188 0.406893631283188 0.406893631283188
0.401408867303753 0.401408867303753 0.401408867303753 0.401408867303753
0.389558187810735 0.389558187810735 0.389558187810735 0.389558187810735
0.390544522952085 0.390544522952085 0.390544522952085 0.390544522952085
0.418794866037663 0.418794866037663 0.418794866037663 0.418794866037663
0.347099711317837 0.347099711317837 0.347099711317837 0.347099711317837
0.392537664273316 0.392537664273316 0.392537664273316 0.392537664273316
0.393653812321311 0.393653812321311 0.393653812321311 0.393653812321311
0.353113417877262 0.353113417877262 0.353113417877262 0.353113417877262
0.378768353587372 0.378768353587372 0.378768353587372 0.378768353587372
0.396708532564636 0.396708532564636 0.396708532564636 0.396708532564636
0.350921286837445 0.350921286837445 0.350921286837445 0.350921286837445
0.405986687895442 0.405986687895442 0.405986687895442 0.405986687895442
0.395183326923616 0.395183326923616 0.395183326923616 0.395183326923616
0.392166440999138 0.392166440999138 0.392166440999138 0.392166440999138
0.326294349497816 0.326294349497816 0.326294349497816 0.326294349497816
0.333324768370401 0.333324768370401 0.333324768370401 0.333324768370401
0.333324768370401 0.333324768370401 0.333324768370401 0.333324768370401
0.341156721154048 0.341156721154048 0.341156721154048 0.341156721154048
0.350691466495758 0.350691466495758 0.350691466495758 0.350691466495758
0.354902872783361 0.354902872783361 0.354902872783361 0.354902872783361
0.348631471555786 0.348631471555786 0.348631471555786 0.348631471555786
0.351305871498176 0.351305871498176 0.351305871498176 0.351305871498176
0.327983303526189 0.327983303526189 0.327983303526189 0.327983303526189
0.355054038513906 0.355054038513906 0.355054038513906 0.355054038513906
0.328066163403417 0.328066163403417 0.328066163403417 0.328066163403417
0.300509371133068 0.300509371133068 0.300509371133068 0.300509371133068
0.331319005850023 0.331319005850023 0.331319005850023 0.331319005850023
0.372175377357139 0.372175377357139 0.372175377357139 0.372175377357139
0.327381291421528 0.327381291421528 0.327381291421528 0.327381291421528
0.32582798997076 0.32582798997076 0.32582798997076 0.32582798997076
0.314070147652658 0.314070147652658 0.314070147652658 0.314070147652658
0.333584572260078 0.333584572260078 0.333584572260078 0.333584572260078
0.36997389356889 0.36997389356889 0.36997389356889 0.36997389356889
0.338574414723306 0.338574414723306 0.338574414723306 0.338574414723306
0.352509437814154 0.352509437814154 0.352509437814154 0.352509437814154
0.342939508750186 0.342939508750186 0.342939508750186 0.342939508750186
0.318571159838639 0.318571159838639 0.318571159838639 0.318571159838639
0.357281937795832 0.357281937795832 0.357281937795832 0.357281937795832
0.412544288300385 0.412544288300385 0.412544288300385 0.412544288300385
0.344606803852361 0.344606803852361 0.344606803852361 0.344606803852361
0.404350496302256 0.404350496302256 0.404350496302256 0.404350496302256
0.337324969388128 0.337324969388128 0.337324969388128 0.337324969388128
0.347824755384386 0.347824755384386 0.347824755384386 0.347824755384386
0.336276842478825 0.336276842478825 0.336276842478825 0.336276842478825
0.356076735741223 0.356076735741223 0.356076735741223 0.356076735741223
0.308315663118721 0.308315663118721 0.308315663118721 0.308315663118721
0.320197809855714 0.320197809855714 0.320197809855714 0.320197809855714
0.317439214463466 0.317439214463466 0.317439214463466 0.317439214463466
0.344278064948501 0.344278064948501 0.344278064948501 0.344278064948501
0.349525339127396 0.349525339127396 0.349525339127396 0.349525339127396
0.339138993284291 0.339138993284291 0.339138993284291 0.339138993284291
0.335369401180458 0.335369401180458 0.335369401180458 0.335369401180458
0.39601238547105 0.39601238547105 0.39601238547105 0.39601238547105
0.311747993503824 0.311747993503824 0.311747993503824 0.311747993503824
0.337245366017341 0.337245366017341 0.337245366017341 0.337245366017341
0.339117997362123 0.339117997362123 0.339117997362123 0.339117997362123
0.326044234401759 0.326044234401759 0.326044234401759 0.326044234401759
0.326044234401759 0.326044234401759 0.326044234401759 0.326044234401759
0.345783403908507 0.345783403908507 0.345783403908507 0.345783403908507
0.315326461225318 0.315326461225318 0.315326461225318 0.315326461225318
0.307814563264923 0.307814563264923 0.307814563264923 0.307814563264923
0.334846395709405 0.334846395709405 0.334846395709405 0.334846395709405
0.334069575855001 0.334069575855001 0.334069575855001 0.334069575855001
0.331080796674215 0.331080796674215 0.331080796674215 0.331080796674215
0.348555166957024 0.348555166957024 0.348555166957024 0.348555166957024
0.342415721543509 0.342415721543509 0.342415721543509 0.342415721543509
0.319058280480348 0.319058280480348 0.319058280480348 0.319058280480348
0.34689791291404 0.34689791291404 0.34689791291404 0.34689791291404
0.312727256141787 0.312727256141787 0.312727256141787 0.312727256141787
0.295668922111017 0.295668922111017 0.295668922111017 0.295668922111017
0.279314768862446 0.279314768862446 0.279314768862446 0.279314768862446
0.296429595468658 0.296429595468658 0.296429595468658 0.296429595468658
0.286924501589746 0.286924501589746 0.286924501589746 0.286924501589746
0.302306845606665 0.302306845606665 0.302306845606665 0.302306845606665
0.322723523695173 0.322723523695173 0.322723523695173 0.322723523695173
0.296810346553559 0.296810346553559 0.296810346553559 0.296810346553559
0.296810346553559 0.296810346553559 0.296810346553559 0.296810346553559
0.340887174042651 0.340887174042651 0.340887174042651 0.340887174042651
0.327082569168783 0.327082569168783 0.327082569168783 0.327082569168783
0.312440169448753 0.312440169448753 0.312440169448753 0.312440169448753
0.303457548318275 0.303457548318275 0.303457548318275 0.303457548318275
0.317779877484429 0.317779877484429 0.317779877484429 0.317779877484429
0.312424447492228 0.312424447492228 0.312424447492228 0.312424447492228
0.326892002407946 0.326892002407946 0.326892002407946 0.326892002407946
0.301986724834395 0.301986724834395 0.301986724834395 0.301986724834395
0.287035786648801 0.287035786648801 0.287035786648801 0.287035786648801
0.311612119912629 0.311612119912629 0.311612119912629 0.311612119912629
0.283868350079678 0.283868350079678 0.283868350079678 0.283868350079678
0.302091678969609 0.302091678969609 0.302091678969609 0.302091678969609
0.302091678969609 0.302091678969609 0.302091678969609 0.302091678969609
0.293969371357064 0.293969371357064 0.293969371357064 0.293969371357064
0.313089200624205 0.313089200624205 0.313089200624205 0.313089200624205
0.26471751119243 0.26471751119243 0.26471751119243 0.26471751119243
0.329348096379164 0.329348096379164 0.329348096379164 0.329348096379164
0.334122971173414 0.334122971173414 0.334122971173414 0.334122971173414
0.345054933274454 0.345054933274454 0.345054933274454 0.345054933274454
0.317720331648419 0.317720331648419 0.317720331648419 0.317720331648419
0.336001987683239 0.336001987683239 0.336001987683239 0.336001987683239
0.336001987683239 0.336001987683239 0.336001987683239 0.336001987683239
0.286286430965131 0.286286430965131 0.286286430965131 0.286286430965131
0.324283276325849 0.324283276325849 0.324283276325849 0.324283276325849
0.324283276325849 0.324283276325849 0.324283276325849 0.324283276325849
0.318709942008756 0.318709942008756 0.318709942008756 0.318709942008756
0.312044039534935 0.312044039534935 0.312044039534935 0.312044039534935
0.309893062291248 0.309893062291248 0.309893062291248 0.309893062291248
0.312749166105866 0.312749166105866 0.312749166105866 0.312749166105866
0.274323288782104 0.274323288782104 0.274323288782104 0.274323288782104
0.310564946947292 0.310564946947292 0.310564946947292 0.310564946947292
0.295324958992188 0.295324958992188 0.295324958992188 0.295324958992188
0.310474874052109 0.310474874052109 0.310474874052109 0.310474874052109
0.321944011231304 0.321944011231304 0.321944011231304 0.321944011231304
0.320789201780343 0.320789201780343 0.320789201780343 0.320789201780343
0.305439807555051 0.305439807555051 0.305439807555051 0.305439807555051
0.271183236667786 0.271183236667786 0.271183236667786 0.271183236667786
0.256627578177794 0.256627578177794 0.256627578177794 0.256627578177794
0.263894531703019 0.263894531703019 0.263894531703019 0.263894531703019
0.306912436192889 0.306912436192889 0.306912436192889 0.306912436192889
0.287003224289802 0.287003224289802 0.287003224289802 0.287003224289802
0.287003224289802 0.287003224289802 0.287003224289802 0.287003224289802
0.322785173441701 0.322785173441701 0.322785173441701 0.322785173441701
0.289449358956332 0.289449358956332 0.289449358956332 0.289449358956332
0.256224381771301 0.256224381771301 0.256224381771301 0.256224381771301
0.268320101304161 0.268320101304161 0.268320101304161 0.268320101304161
0.296120833513337 0.296120833513337 0.296120833513337 0.296120833513337
0.257562083364557 0.257562083364557 0.257562083364557 0.257562083364557
0.307407177224089 0.307407177224089 0.307407177224089 0.307407177224089
0.281414354979495 0.281414354979495 0.281414354979495 0.281414354979495
0.273867275981694 0.273867275981694 0.273867275981694 0.273867275981694
0.293558358034124 0.293558358034124 0.293558358034124 0.293558358034124
0.293558358034124 0.293558358034124 0.293558358034124 0.293558358034124
0.335073435155638 0.335073435155638 0.335073435155638 0.335073435155638
0.335073435155638 0.335073435155638 0.335073435155638 0.335073435155638
0.331855596978269 0.331855596978269 0.331855596978269 0.331855596978269
0.292178030122163 0.292178030122163 0.292178030122163 0.292178030122163
0.288504422700438 0.288504422700438 0.288504422700438 0.288504422700438
0.303775384536279 0.303775384536279 0.303775384536279 0.303775384536279
0.291465176225648 0.291465176225648 0.291465176225648 0.291465176225648
0.325088181358189 0.325088181358189 0.325088181358189 0.325088181358189
0.277936347967606 0.277936347967606 0.277936347967606 0.277936347967606
0.263214288448341 0.263214288448341 0.263214288448341 0.263214288448341
0.346052103385586 0.346052103385586 0.346052103385586 0.346052103385586
0.317522210958206 0.317522210958206 0.317522210958206 0.317522210958206
0.282552961568768 0.282552961568768 0.282552961568768 0.282552961568768
0.282552961568768 0.282552961568768 0.282552961568768 0.282552961568768
0.279564074592902 0.279564074592902 0.279564074592902 0.279564074592902
0.295393974917823 0.295393974917823 0.295393974917823 0.295393974917823
0.299373500495269 0.299373500495269 0.299373500495269 0.299373500495269
0.321364886441159 0.321364886441159 0.321364886441159 0.321364886441159
0.270848330186912 0.270848330186912 0.270848330186912 0.270848330186912
0.302325779478319 0.302325779478319 0.302325779478319 0.302325779478319
0.296396053589783 0.296396053589783 0.296396053589783 0.296396053589783
0.293175951396133 0.293175951396133 0.293175951396133 0.293175951396133
0.304531856870537 0.304531856870537 0.304531856870537 0.304531856870537
0.279477569275207 0.279477569275207 0.279477569275207 0.279477569275207
0.309834392643499 0.309834392643499 0.309834392643499 0.309834392643499
0.313272138253231 0.313272138253231 0.313272138253231 0.313272138253231
0.257859375917266 0.257859375917266 0.257859375917266 0.257859375917266
0.321096773416193 0.321096773416193 0.321096773416193 0.321096773416193
0.286015255942363 0.286015255942363 0.286015255942363 0.286015255942363
0.278971026687818 0.278971026687818 0.278971026687818 0.278971026687818
0.250218818265608 0.250218818265608 0.250218818265608 0.250218818265608
0.243558544386904 0.243558544386904 0.243558544386904 0.243558544386904
0.257373534996208 0.257373534996208 0.257373534996208 0.257373534996208
0.257373534996208 0.257373534996208 0.257373534996208 0.257373534996208
0.280525816538706 0.280525816538706 0.280525816538706 0.280525816538706
0.302291064846874 0.302291064846874 0.302291064846874 0.302291064846874
0.270479645753815 0.270479645753815 0.270479645753815 0.270479645753815
0.270479645753815 0.270479645753815 0.270479645753815 0.270479645753815
0.277751480436738 0.277751480436738 0.277751480436738 0.277751480436738
0.284171174177393 0.284171174177393 0.284171174177393 0.284171174177393
0.284171174177393 0.284171174177393 0.284171174177393 0.284171174177393
0.27643810668558 0.27643810668558 0.27643810668558 0.27643810668558
0.315888060354666 0.315888060354666 0.315888060354666 0.315888060354666
0.275615483879338 0.275615483879338 0.275615483879338 0.275615483879338
0.286800756054398 0.286800756054398 0.286800756054398 0.286800756054398
0.305390531177704 0.305390531177704 0.305390531177704 0.305390531177704
0.296369669998231 0.296369669998231 0.296369669998231 0.296369669998231
0.283609879225919 0.283609879225919 0.283609879225919 0.283609879225919
0.296173890367228 0.296173890367228 0.296173890367228 0.296173890367228
0.301984015943894 0.301984015943894 0.301984015943894 0.301984015943894
0.326952498832871 0.326952498832871 0.326952498832871 0.326952498832871
0.278714813560533 0.278714813560533 0.278714813560533 0.278714813560533
0.278403391211367 0.278403391211367 0.278403391211367 0.278403391211367
0.275282145371169 0.275282145371169 0.275282145371169 0.275282145371169
0.270170845864486 0.270170845864486 0.270170845864486 0.270170845864486
0.293050456399764 0.293050456399764 0.293050456399764 0.293050456399764
0.308535479603038 0.308535479603038 0.308535479603038 0.308535479603038
0.280931715002944 0.280931715002944 0.280931715002944 0.280931715002944
0.3102443166248 0.3102443166248 0.3102443166248 0.3102443166248
0.290667257174851 0.290667257174851 0.290667257174851 0.290667257174851
0.284210702814873 0.284210702814873 0.284210702814873 0.284210702814873
0.284210702814873 0.284210702814873 0.284210702814873 0.284210702814873
0.309223587033983 0.309223587033983 0.309223587033983 0.309223587033983
0.279977200272447 0.279977200272447 0.279977200272447 0.279977200272447
0.279977200272447 0.279977200272447 0.279977200272447 0.279977200272447
0.286127307621138 0.286127307621138 0.286127307621138 0.286127307621138
0.281899816176618 0.281899816176618 0.281899816176618 0.281899816176618
0.272582859521125 0.272582859521125 0.272582859521125 0.272582859521125
0.267444445240222 0.267444445240222 0.267444445240222 0.267444445240222
0.327017977480177 0.327017977480177 0.327017977480177 0.327017977480177
0.301059356818878 0.301059356818878 0.301059356818878 0.301059356818878
0.281140830742076 0.281140830742076 0.281140830742076 0.281140830742076
0.246119479202331 0.246119479202331 0.246119479202331 0.246119479202331
0.261916016361961 0.261916016361961 0.261916016361961 0.261916016361961
0.266733182632733 0.266733182632733 0.266733182632733 0.266733182632733
0.266733182632733 0.266733182632733 0.266733182632733 0.266733182632733
0.29575402522466 0.29575402522466 0.29575402522466 0.29575402522466
0.28691159312735 0.28691159312735 0.28691159312735 0.28691159312735
0.31067659091702 0.31067659091702 0.31067659091702 0.31067659091702
0.287375120841423 0.287375120841423 0.287375120841423 0.287375120841423
0.287375120841423 0.287375120841423 0.287375120841423 0.287375120841423
0.260624511213817 0.260624511213817 0.260624511213817 0.260624511213817
0.290225763232034 0.290225763232034 0.290225763232034 0.290225763232034
0.293730404002723 0.293730404002723 0.293730404002723 0.293730404002723
0.283764951482224 0.283764951482224 0.283764951482224 0.283764951482224
0.283152199259034 0.283152199259034 0.283152199259034 0.283152199259034
0.262076597115349 0.262076597115349 0.262076597115349 0.262076597115349
0.27813976662474 0.27813976662474 0.27813976662474 0.27813976662474
0.26514480483826 0.26514480483826 0.26514480483826 0.26514480483826
0.292631798648152 0.292631798648152 0.292631798648152 0.292631798648152
0.292176707463848 0.292176707463848 0.292176707463848 0.292176707463848
0.273993291821009 0.273993291821009 0.273993291821009 0.273993291821009
0.275754542194719 0.275754542194719 0.275754542194719 0.275754542194719
0.275754542194719 0.275754542194719 0.275754542194719 0.275754542194719
0.288617774371612 0.288617774371612 0.288617774371612 0.288617774371612
0.261009817081213 0.261009817081213 0.261009817081213 0.261009817081213
0.273109808358808 0.273109808358808 0.273109808358808 0.273109808358808
0.260683458919659 0.260683458919659 0.260683458919659 0.260683458919659
0.286029626654726 0.286029626654726 0.286029626654726 0.286029626654726
0.283825368766146 0.283825368766146 0.283825368766146 0.283825368766146
0.296106313213262 0.296106313213262 0.296106313213262 0.296106313213262
0.317351687936965 0.317351687936965 0.317351687936965 0.317351687936965
0.292452809889685 0.292452809889685 0.292452809889685 0.292452809889685
0.285131364781764 0.285131364781764 0.285131364781764 0.285131364781764
0.291695931421636 0.291695931421636 0.291695931421636 0.291695931421636
0.263708124557734 0.263708124557734 0.263708124557734 0.263708124557734
0.313386958459309 0.313386958459309 0.313386958459309 0.313386958459309
0.269100069879923 0.269100069879923 0.269100069879923 0.269100069879923
0.299951263560598 0.299951263560598 0.299951263560598 0.299951263560598
0.250191571913618 0.250191571913618 0.250191571913618 0.250191571913618
0.245366544628886 0.245366544628886 0.245366544628886 0.245366544628886
0.316011639991079 0.316011639991079 0.316011639991079 0.316011639991079
0.266553800175667 0.266553800175667 0.266553800175667 0.266553800175667
0.312378831072858 0.312378831072858 0.312378831072858 0.312378831072858
0.282907846827728 0.282907846827728 0.282907846827728 0.282907846827728
0.301456410236459 0.301456410236459 0.301456410236459 0.301456410236459
0.303521565617931 0.303521565617931 0.303521565617931 0.303521565617931
0.273455440870074 0.273455440870074 0.273455440870074 0.273455440870074
0.285939843035002 0.285939843035002 0.285939843035002 0.285939843035002
0.260208821420561 0.260208821420561 0.260208821420561 0.260208821420561
0.301777700398318 0.301777700398318 0.301777700398318 0.301777700398318
0.28994360299059 0.28994360299059 0.28994360299059 0.28994360299059
0.28994360299059 0.28994360299059 0.28994360299059 0.28994360299059
0.28994360299059 0.28994360299059 0.28994360299059 0.28994360299059
0.259899133493908 0.259899133493908 0.259899133493908 0.259899133493908
0.267883454387647 0.267883454387647 0.267883454387647 0.267883454387647
0.277073071861495 0.277073071861495 0.277073071861495 0.277073071861495
0.249884212692938 0.249884212692938 0.249884212692938 0.249884212692938
0.269131356888524 0.269131356888524 0.269131356888524 0.269131356888524
0.288374697661273 0.288374697661273 0.288374697661273 0.288374697661273
0.285411727516371 0.285411727516371 0.285411727516371 0.285411727516371
0.315689730867171 0.315689730867171 0.315689730867171 0.315689730867171
0.250665224292976 0.250665224292976 0.250665224292976 0.250665224292976
0.240947257144913 0.240947257144913 0.240947257144913 0.240947257144913
0.270858137607365 0.270858137607365 0.270858137607365 0.270858137607365
0.323231678558759 0.323231678558759 0.323231678558759 0.323231678558759
0.249711667832825 0.249711667832825 0.249711667832825 0.249711667832825
0.271997578147701 0.271997578147701 0.271997578147701 0.271997578147701
0.271997578147701 0.271997578147701 0.271997578147701 0.271997578147701
0.273982537798893 0.273982537798893 0.273982537798893 0.273982537798893
0.272569542991152 0.272569542991152 0.272569542991152 0.272569542991152
0.266712914388115 0.266712914388115 0.266712914388115 0.266712914388115
0.266712914388115 0.266712914388115 0.266712914388115 0.266712914388115
0.266712914388115 0.266712914388115 0.266712914388115 0.266712914388115
0.266712914388115 0.266712914388115 0.266712914388115 0.266712914388115
0.254687280083038 0.254687280083038 0.254687280083038 0.254687280083038
0.281594715092098 0.281594715092098 0.281594715092098 0.281594715092098
0.274478398295946 0.274478398295946 0.274478398295946 0.274478398295946
0.254180908383966 0.254180908383966 0.254180908383966 0.254180908383966
0.268180638728798 0.268180638728798 0.268180638728798 0.268180638728798
0.256409717426521 0.256409717426521 0.256409717426521 0.256409717426521
0.286213804803668 0.286213804803668 0.286213804803668 0.286213804803668
0.273901424500472 0.273901424500472 0.273901424500472 0.273901424500472
0.257005746548143 0.257005746548143 0.257005746548143 0.257005746548143
0.275273560756511 0.275273560756511 0.275273560756511 0.275273560756511
0.269912928734467 0.269912928734467 0.269912928734467 0.269912928734467
0.291490763095786 0.291490763095786 0.291490763095786 0.291490763095786
0.258983147310668 0.258983147310668 0.258983147310668 0.258983147310668
0.295886131606241 0.295886131606241 0.295886131606241 0.295886131606241
0.250379709371796 0.250379709371796 0.250379709371796 0.250379709371796
0.275047874920221 0.275047874920221 0.275047874920221 0.275047874920221
0.26206174360264 0.26206174360264 0.26206174360264 0.26206174360264
0.282967238820925 0.282967238820925 0.282967238820925 0.282967238820925
0.267254868832832 0.267254868832832 0.267254868832832 0.267254868832832
0.264847623770302 0.264847623770302 0.264847623770302 0.264847623770302
0.241340380801279 0.241340380801279 0.241340380801279 0.241340380801279
0.298360446563233 0.298360446563233 0.298360446563233 0.298360446563233
0.251793685839532 0.251793685839532 0.251793685839532 0.251793685839532
0.248743147714202 0.248743147714202 0.248743147714202 0.248743147714202
0.27193458742055 0.27193458742055 0.27193458742055 0.27193458742055
0.251991104871178 0.251991104871178 0.251991104871178 0.251991104871178
0.251991104871178 0.251991104871178 0.251991104871178 0.251991104871178
0.268910349337022 0.268910349337022 0.268910349337022 0.268910349337022
0.265195180705433 0.265195180705433 0.265195180705433 0.265195180705433
0.27972478161242 0.27972478161242 0.27972478161242 0.27972478161242
0.248512684284909 0.248512684284909 0.248512684284909 0.248512684284909
0.2469543215171 0.2469543215171 0.2469543215171 0.2469543215171
0.251848869487666 0.251848869487666 0.251848869487666 0.251848869487666
0.279459465906803 0.279459465906803 0.279459465906803 0.279459465906803
0.26528954250957 0.26528954250957 0.26528954250957 0.26528954250957
0.263634893842628 0.263634893842628 0.263634893842628 0.263634893842628
0.239359568599045 0.239359568599045 0.239359568599045 0.239359568599045
0.230987839071937 0.230987839071937 0.230987839071937 0.230987839071937
0.229623895818659 0.229623895818659 0.229623895818659 0.229623895818659
0.251987419427839 0.251987419427839 0.251987419427839 0.251987419427839
0.210949641102057 0.210949641102057 0.210949641102057 0.210949641102057
0.258642396238011 0.258642396238011 0.258642396238011 0.258642396238011
0.2594634871208 0.2594634871208 0.2594634871208 0.2594634871208
0.237191756050635 0.237191756050635 0.237191756050635 0.237191756050635
0.273723219994463 0.273723219994463 0.273723219994463 0.273723219994463
0.24249270366881 0.24249270366881 0.24249270366881 0.24249270366881
0.286995393417156 0.286995393417156 0.286995393417156 0.286995393417156
0.231670881020547 0.231670881020547 0.231670881020547 0.231670881020547
0.229735668414266 0.229735668414266 0.229735668414266 0.229735668414266
0.226354467850893 0.226354467850893 0.226354467850893 0.226354467850893
0.243217162500926 0.243217162500926 0.243217162500926 0.243217162500926
0.252357811413202 0.252357811413202 0.252357811413202 0.252357811413202
0.25859025287361 0.25859025287361 0.25859025287361 0.25859025287361
0.27721402596728 0.27721402596728 0.27721402596728 0.27721402596728
0.228259164781438 0.228259164781438 0.228259164781438 0.228259164781438
0.269343687951017 0.269343687951017 0.269343687951017 0.269343687951017
0.235946431123577 0.235946431123577 0.235946431123577 0.235946431123577
0.246620118174768 0.246620118174768 0.246620118174768 0.246620118174768
0.234728281661311 0.234728281661311 0.234728281661311 0.234728281661311
0.255238477708079 0.255238477708079 0.255238477708079 0.255238477708079
0.22749111824223 0.22749111824223 0.22749111824223 0.22749111824223
0.255906907499291 0.255906907499291 0.255906907499291 0.255906907499291
0.255906907499291 0.255906907499291 0.255906907499291 0.255906907499291
0.246181821346473 0.246181821346473 0.246181821346473 0.246181821346473
0.235133069063076 0.235133069063076 0.235133069063076 0.235133069063076
0.241015495798555 0.241015495798555 0.241015495798555 0.241015495798555
0.241015495798555 0.241015495798555 0.241015495798555 0.241015495798555
0.241015495798555 0.241015495798555 0.241015495798555 0.241015495798555
0.24062759125257 0.24062759125257 0.24062759125257 0.24062759125257
0.234380980734015 0.234380980734015 0.234380980734015 0.234380980734015
0.238140112672613 0.238140112672613 0.238140112672613 0.238140112672613
0.231501113346013 0.231501113346013 0.231501113346013 0.231501113346013
0.224165576697332 0.224165576697332 0.224165576697332 0.224165576697332
0.23874133772528 0.23874133772528 0.23874133772528 0.23874133772528
0.246866974963234 0.246866974963234 0.246866974963234 0.246866974963234
0.246866974963234 0.246866974963234 0.246866974963234 0.246866974963234
0.231251099707143 0.231251099707143 0.231251099707143 0.231251099707143
0.231251099707143 0.231251099707143 0.231251099707143 0.231251099707143
0.227301139823397 0.227301139823397 0.227301139823397 0.227301139823397
0.212823965566822 0.212823965566822 0.212823965566822 0.212823965566822
0.251722146373185 0.251722146373185 0.251722146373185 0.251722146373185
0.22711494843834 0.22711494843834 0.22711494843834 0.22711494843834
0.258664736898672 0.258664736898672 0.258664736898672 0.258664736898672
0.277810853812997 0.277810853812997 0.277810853812997 0.277810853812997
0.258426796214769 0.258426796214769 0.258426796214769 0.258426796214769
0.250562138658898 0.250562138658898 0.250562138658898 0.250562138658898
0.236959728213312 0.236959728213312 0.236959728213312 0.236959728213312
0.236959728213312 0.236959728213312 0.236959728213312 0.236959728213312
0.236959728213312 0.236959728213312 0.236959728213312 0.236959728213312
0.249633479157788 0.249633479157788 0.249633479157788 0.249633479157788
0.227906596224362 0.227906596224362 0.227906596224362 0.227906596224362
0.227416512230054 0.227416512230054 0.227416512230054 0.227416512230054
0.243542577188754 0.243542577188754 0.243542577188754 0.243542577188754
0.243929474484504 0.243929474484504 0.243929474484504 0.243929474484504
0.226076179113266 0.226076179113266 0.226076179113266 0.226076179113266
0.250259204798172 0.250259204798172 0.250259204798172 0.250259204798172
0.263090251251346 0.263090251251346 0.263090251251346 0.263090251251346
0.232106190706322 0.232106190706322 0.232106190706322 0.232106190706322
0.253753433386177 0.253753433386177 0.253753433386177 0.253753433386177
0.271621113507519 0.271621113507519 0.271621113507519 0.271621113507519
0.242712279059622 0.242712279059622 0.242712279059622 0.242712279059622
0.217421269824598 0.217421269824598 0.217421269824598 0.217421269824598
0.257945238082995 0.257945238082995 0.257945238082995 0.257945238082995
0.23410668851614 0.23410668851614 0.23410668851614 0.23410668851614
0.23410668851614 0.23410668851614 0.23410668851614 0.23410668851614
0.24074872075417 0.24074872075417 0.24074872075417 0.24074872075417
0.24074872075417 0.24074872075417 0.24074872075417 0.24074872075417
0.252421950655008 0.252421950655008 0.252421950655008 0.252421950655008
0.23509358141908 0.23509358141908 0.23509358141908 0.23509358141908
0.272086188431677 0.272086188431677 0.272086188431677 0.272086188431677
0.244984079656313 0.244984079656313 0.244984079656313 0.244984079656313
0.280563128688107 0.280563128688107 0.280563128688107 0.280563128688107
0.227333963096457 0.227333963096457 0.227333963096457 0.227333963096457
0.242208504586092 0.242208504586092 0.242208504586092 0.242208504586092
0.23428073597913 0.23428073597913 0.23428073597913 0.23428073597913
0.24140266704555 0.24140266704555 0.24140266704555 0.24140266704555
0.251098309233194 0.251098309233194 0.251098309233194 0.251098309233194
0.22581532755079 0.22581532755079 0.22581532755079 0.22581532755079
0.266350909979744 0.266350909979744 0.266350909979744 0.266350909979744
0.265414287929784 0.265414287929784 0.265414287929784 0.265414287929784
0.243696343764252 0.243696343764252 0.243696343764252 0.243696343764252
0.243696343764252 0.243696343764252 0.243696343764252 0.243696343764252
0.229349092635651 0.229349092635651 0.229349092635651 0.229349092635651
0.239224635197654 0.239224635197654 0.239224635197654 0.239224635197654
0.258943286030016 0.258943286030016 0.258943286030016 0.258943286030016
0.25038037589065 0.25038037589065 0.25038037589065 0.25038037589065
0.250631374373838 0.250631374373838 0.250631374373838 0.250631374373838
0.257948184049942 0.257948184049942 0.257948184049942 0.257948184049942
0.256503756006646 0.256503756006646 0.256503756006646 0.256503756006646
0.267135463071538 0.267135463071538 0.267135463071538 0.267135463071538
0.271037352104976 0.271037352104976 0.271037352104976 0.271037352104976
0.246794900962287 0.246794900962287 0.246794900962287 0.246794900962287
0.270541324497306 0.270541324497306 0.270541324497306 0.270541324497306
0.252159908474529 0.252159908474529 0.252159908474529 0.252159908474529
0.257073719986809 0.257073719986809 0.257073719986809 0.257073719986809
0.263267783782234 0.263267783782234 0.263267783782234 0.263267783782234
0.246538593562975 0.246538593562975 0.246538593562975 0.246538593562975
0.240446520744052 0.240446520744052 0.240446520744052 0.240446520744052
0.246807420911938 0.246807420911938 0.246807420911938 0.246807420911938
0.257331304568264 0.257331304568264 0.257331304568264 0.257331304568264
0.250794813928087 0.250794813928087 0.250794813928087 0.250794813928087
0.239309344394441 0.239309344394441 0.239309344394441 0.239309344394441
0.276156881924672 0.276156881924672 0.276156881924672 0.276156881924672
0.281146227658882 0.281146227658882 0.281146227658882 0.281146227658882
0.275790416936347 0.275790416936347 0.275790416936347 0.275790416936347
0.272775552470924 0.272775552470924 0.272775552470924 0.272775552470924
0.265171467042797 0.265171467042797 0.265171467042797 0.265171467042797
0.251678553202358 0.251678553202358 0.251678553202358 0.251678553202358
0.293281618315409 0.293281618315409 0.293281618315409 0.293281618315409
0.293281618315409 0.293281618315409 0.293281618315409 0.293281618315409
0.293418973515469 0.293418973515469 0.293418973515469 0.293418973515469
0.253018879248094 0.253018879248094 0.253018879248094 0.253018879248094
0.276657539892425 0.276657539892425 0.276657539892425 0.276657539892425
0.278047156946344 0.278047156946344 0.278047156946344 0.278047156946344
0.27171649387146 0.27171649387146 0.27171649387146 0.27171649387146
0.274553120043348 0.274553120043348 0.274553120043348 0.274553120043348
0.282346153109745 0.282346153109745 0.282346153109745 0.282346153109745
0.278100797450734 0.278100797450734 0.278100797450734 0.278100797450734
0.272980492446535 0.272980492446535 0.272980492446535 0.272980492446535
0.26442092998679 0.26442092998679 0.26442092998679 0.26442092998679
0.276904701172043 0.276904701172043 0.276904701172043 0.276904701172043
0.276904701172043 0.276904701172043 0.276904701172043 0.276904701172043
0.269249872473768 0.269249872473768 0.269249872473768 0.269249872473768
0.269249872473768 0.269249872473768 0.269249872473768 0.269249872473768
0.247501597704162 0.247501597704162 0.247501597704162 0.247501597704162
0.277601613199799 0.277601613199799 0.277601613199799 0.277601613199799
0.23528436254457 0.23528436254457 0.23528436254457 0.23528436254457
0.275054088513224 0.275054088513224 0.275054088513224 0.275054088513224
0.243431509475756 0.243431509475756 0.243431509475756 0.243431509475756
0.267716504695084 0.267716504695084 0.267716504695084 0.267716504695084
0.277969863929934 0.277969863929934 0.277969863929934 0.277969863929934
0.258640236225745 0.258640236225745 0.258640236225745 0.258640236225745
0.227818874322597 0.227818874322597 0.227818874322597 0.227818874322597
0.268812225840492 0.268812225840492 0.268812225840492 0.268812225840492
0.235099359530783 0.235099359530783 0.235099359530783 0.235099359530783
0.226050794654319 0.226050794654319 0.226050794654319 0.226050794654319
0.271821468248259 0.271821468248259 0.271821468248259 0.271821468248259
0.219459692616437 0.219459692616437 0.219459692616437 0.219459692616437
0.256338441899422 0.256338441899422 0.256338441899422 0.256338441899422
0.252946478873021 0.252946478873021 0.252946478873021 0.252946478873021
0.244927767048406 0.244927767048406 0.244927767048406 0.244927767048406
0.246253340211392 0.246253340211392 0.246253340211392 0.246253340211392
0.275967046740282 0.275967046740282 0.275967046740282 0.275967046740282
0.232692408727683 0.232692408727683 0.232692408727683 0.232692408727683
0.221271976221589 0.221271976221589 0.221271976221589 0.221271976221589
0.267223245351155 0.267223245351155 0.267223245351155 0.267223245351155
0.251507026010272 0.251507026010272 0.251507026010272 0.251507026010272
0.251507026010272 0.251507026010272 0.251507026010272 0.251507026010272
0.267462499969727 0.267462499969727 0.267462499969727 0.267462499969727
0.249015454093273 0.249015454093273 0.249015454093273 0.249015454093273
0.254319400815369 0.254319400815369 0.254319400815369 0.254319400815369
0.230283709369528 0.230283709369528 0.230283709369528 0.230283709369528
0.241317915686172 0.241317915686172 0.241317915686172 0.241317915686172
0.266906943884071 0.266906943884071 0.266906943884071 0.266906943884071
0.243659282030371 0.243659282030371 0.243659282030371 0.243659282030371
0.248995875339043 0.248995875339043 0.248995875339043 0.248995875339043
0.260130136845126 0.260130136845126 0.260130136845126 0.260130136845126
0.229508845636441 0.229508845636441 0.229508845636441 0.229508845636441
0.273636975953629 0.273636975953629 0.273636975953629 0.273636975953629
0.275938221502613 0.275938221502613 0.275938221502613 0.275938221502613
0.239264386006215 0.239264386006215 0.239264386006215 0.239264386006215
0.268915998824175 0.268915998824175 0.268915998824175 0.268915998824175
0.232382071424248 0.232382071424248 0.232382071424248 0.232382071424248
0.216645709627262 0.216645709627262 0.216645709627262 0.216645709627262
0.233369735045534 0.233369735045534 0.233369735045534 0.233369735045534
0.247926058764194 0.247926058764194 0.247926058764194 0.247926058764194
0.26825493240861 0.26825493240861 0.26825493240861 0.26825493240861
0.25736537339671 0.25736537339671 0.25736537339671 0.25736537339671
0.256661472334282 0.256661472334282 0.256661472334282 0.256661472334282
0.248091202504963 0.248091202504963 0.248091202504963 0.248091202504963
0.263638407680908 0.263638407680908 0.263638407680908 0.263638407680908
0.241247107429845 0.241247107429845 0.241247107429845 0.241247107429845
0.248545284327764 0.248545284327764 0.248545284327764 0.248545284327764
0.191708016836824 0.191708016836824 0.191708016836824 0.191708016836824
0.282466093547407 0.282466093547407 0.282466093547407 0.282466093547407
0.250073412033744 0.250073412033744 0.250073412033744 0.250073412033744
0.279346774742587 0.279346774742587 0.279346774742587 0.279346774742587
0.22796207877847 0.22796207877847 0.22796207877847 0.22796207877847
0.246928366835903 0.246928366835903 0.246928366835903 0.246928366835903
0.270752074165623 0.270752074165623 0.270752074165623 0.270752074165623
0.277564583512842 0.277564583512842 0.277564583512842 0.277564583512842
0.255524142732805 0.255524142732805 0.255524142732805 0.255524142732805
0.252542494863697 0.252542494863697 0.252542494863697 0.252542494863697
0.271459665558242 0.271459665558242 0.271459665558242 0.271459665558242
0.288655342534064 0.288655342534064 0.288655342534064 0.288655342534064
0.257431518404729 0.257431518404729 0.257431518404729 0.257431518404729
0.271615354760213 0.271615354760213 0.271615354760213 0.271615354760213
0.234155656938917 0.234155656938917 0.234155656938917 0.234155656938917
0.258470975816634 0.258470975816634 0.258470975816634 0.258470975816634
0.301900369540507 0.301900369540507 0.301900369540507 0.301900369540507
0.282419029744707 0.282419029744707 0.282419029744707 0.282419029744707
0.256784183559317 0.256784183559317 0.256784183559317 0.256784183559317
0.255528041672885 0.255528041672885 0.255528041672885 0.255528041672885
0.281461880652584 0.281461880652584 0.281461880652584 0.281461880652584
0.281461880652584 0.281461880652584 0.281461880652584 0.281461880652584
0.245888130555294 0.245888130555294 0.245888130555294 0.245888130555294
0.246150944429217 0.246150944429217 0.246150944429217 0.246150944429217
0.240503564875998 0.240503564875998 0.240503564875998 0.240503564875998
0.245352763530657 0.245352763530657 0.245352763530657 0.245352763530657
0.262482460457477 0.262482460457477 0.262482460457477 0.262482460457477
0.281843146126138 0.281843146126138 0.281843146126138 0.281843146126138
0.294105349477163 0.294105349477163 0.294105349477163 0.294105349477163
0.253535773850865 0.253535773850865 0.253535773850865 0.253535773850865
0.253535773850865 0.253535773850865 0.253535773850865 0.253535773850865
0.259149292901153 0.259149292901153 0.259149292901153 0.259149292901153
0.233969890990683 0.233969890990683 0.233969890990683 0.233969890990683
0.252962190927171 0.252962190927171 0.252962190927171 0.252962190927171
0.252962190927171 0.252962190927171 0.252962190927171 0.252962190927171
0.231656660048251 0.231656660048251 0.231656660048251 0.231656660048251
0.263415110463085 0.263415110463085 0.263415110463085 0.263415110463085
0.277065037838293 0.277065037838293 0.277065037838293 0.277065037838293
0.245542360182852 0.245542360182852 0.245542360182852 0.245542360182852
0.246193006428831 0.246193006428831 0.246193006428831 0.246193006428831
0.265142689819463 0.265142689819463 0.265142689819463 0.265142689819463
0.21719077659104 0.21719077659104 0.21719077659104 0.21719077659104
0.21719077659104 0.21719077659104 0.21719077659104 0.21719077659104
0.257468081029688 0.257468081029688 0.257468081029688 0.257468081029688
0.237540339718349 0.237540339718349 0.237540339718349 0.237540339718349
0.257229772056974 0.257229772056974 0.257229772056974 0.257229772056974
0.229679106865008 0.229679106865008 0.229679106865008 0.229679106865008
0.247961013344479 0.247961013344479 0.247961013344479 0.247961013344479
0.254111963649901 0.254111963649901 0.254111963649901 0.254111963649901
0.231436522042577 0.231436522042577 0.231436522042577 0.231436522042577
0.223143617626263 0.223143617626263 0.223143617626263 0.223143617626263
0.235809682711709 0.235809682711709 0.235809682711709 0.235809682711709
0.21522325242113 0.21522325242113 0.21522325242113 0.21522325242113
0.217429586343603 0.217429586343603 0.217429586343603 0.217429586343603
0.241104848534042 0.241104848534042 0.241104848534042 0.241104848534042
0.264875368700797 0.264875368700797 0.264875368700797 0.264875368700797
0.227494857205591 0.227494857205591 0.227494857205591 0.227494857205591
0.247442808711873 0.247442808711873 0.247442808711873 0.247442808711873
0.247442808711873 0.247442808711873 0.247442808711873 0.247442808711873
0.251950179044283 0.251950179044283 0.251950179044283 0.251950179044283
0.280897435361093 0.280897435361093 0.280897435361093 0.280897435361093
0.226449132757367 0.226449132757367 0.226449132757367 0.226449132757367
0.238335670894321 0.238335670894321 0.238335670894321 0.238335670894321
0.227229890486161 0.227229890486161 0.227229890486161 0.227229890486161
0.218201540436973 0.218201540436973 0.218201540436973 0.218201540436973
0.218201540436973 0.218201540436973 0.218201540436973 0.218201540436973
0.218201540436973 0.218201540436973 0.218201540436973 0.218201540436973
0.228495285427408 0.228495285427408 0.228495285427408 0.228495285427408
0.228495285427408 0.228495285427408 0.228495285427408 0.228495285427408
0.265487770426889 0.265487770426889 0.265487770426889 0.265487770426889
0.237536711588083 0.237536711588083 0.237536711588083 0.237536711588083
0.237536711588083 0.237536711588083 0.237536711588083 0.237536711588083
0.203116495696539 0.203116495696539 0.203116495696539 0.203116495696539
0.218555887905593 0.218555887905593 0.218555887905593 0.218555887905593
0.249186940940558 0.249186940940558 0.249186940940558 0.249186940940558
0.242424228000851 0.242424228000851 0.242424228000851 0.242424228000851
0.28148857608184 0.28148857608184 0.28148857608184 0.28148857608184
0.239503221370672 0.239503221370672 0.239503221370672 0.239503221370672
0.263855982949423 0.263855982949423 0.263855982949423 0.263855982949423
0.249196292902866 0.249196292902866 0.249196292902866 0.249196292902866
0.202609437301495 0.202609437301495 0.202609437301495 0.202609437301495
0.226354502431147 0.226354502431147 0.226354502431147 0.226354502431147
0.233837987755543 0.233837987755543 0.233837987755543 0.233837987755543
0.233837987755543 0.233837987755543 0.233837987755543 0.233837987755543
0.271383838904751 0.271383838904751 0.271383838904751 0.271383838904751
0.245817774519921 0.245817774519921 0.245817774519921 0.245817774519921
0.235188362604993 0.235188362604993 0.235188362604993 0.235188362604993
0.235072023728069 0.235072023728069 0.235072023728069 0.235072023728069
0.232943497405602 0.232943497405602 0.232943497405602 0.232943497405602
0.239870771640107 0.239870771640107 0.239870771640107 0.239870771640107
0.253117233417025 0.253117233417025 0.253117233417025 0.253117233417025
0.207626922756348 0.207626922756348 0.207626922756348 0.207626922756348
0.214317363952455 0.214317363952455 0.214317363952455 0.214317363952455
0.223492077361431 0.223492077361431 0.223492077361431 0.223492077361431
0.250558932059163 0.250558932059163 0.250558932059163 0.250558932059163
0.221809852862966 0.221809852862966 0.221809852862966 0.221809852862966
0.236213786280463 0.236213786280463 0.236213786280463 0.236213786280463
0.235362483171954 0.235362483171954 0.235362483171954 0.235362483171954
0.238940852791977 0.238940852791977 0.238940852791977 0.238940852791977
0.240389214397371 0.240389214397371 0.240389214397371 0.240389214397371
0.240389214397371 0.240389214397371 0.240389214397371 0.240389214397371
0.240555481793026 0.240555481793026 0.240555481793026 0.240555481793026
0.247017810551262 0.247017810551262 0.247017810551262 0.247017810551262
0.219299408320091 0.219299408320091 0.219299408320091 0.219299408320091
0.248911346077394 0.248911346077394 0.248911346077394 0.248911346077394
0.248911346077394 0.248911346077394 0.248911346077394 0.248911346077394
0.257497342163215 0.257497342163215 0.257497342163215 0.257497342163215
0.257497342163215 0.257497342163215 0.257497342163215 0.257497342163215
0.252270378514452 0.252270378514452 0.252270378514452 0.252270378514452
0.25163776723286 0.25163776723286 0.25163776723286 0.25163776723286
0.247803644170079 0.247803644170079 0.247803644170079 0.247803644170079
0.243464351792894 0.243464351792894 0.243464351792894 0.243464351792894
0.239337792024485 0.239337792024485 0.239337792024485 0.239337792024485
0.214335952395387 0.214335952395387 0.214335952395387 0.214335952395387
0.266630241915003 0.266630241915003 0.266630241915003 0.266630241915003
0.222300072830767 0.222300072830767 0.222300072830767 0.222300072830767
0.255044529106689 0.255044529106689 0.255044529106689 0.255044529106689
0.244880905153348 0.244880905153348 0.244880905153348 0.244880905153348
0.253292300835772 0.253292300835772 0.253292300835772 0.253292300835772
0.212049862684393 0.212049862684393 0.212049862684393 0.212049862684393
0.251156582139261 0.251156582139261 0.251156582139261 0.251156582139261
0.251156582139261 0.251156582139261 0.251156582139261 0.251156582139261
0.200568212465479 0.200568212465479 0.200568212465479 0.200568212465479
0.230140300210016 0.230140300210016 0.230140300210016 0.230140300210016
0.221182516073929 0.221182516073929 0.221182516073929 0.221182516073929
0.228102191013477 0.228102191013477 0.228102191013477 0.228102191013477
0.243083790271122 0.243083790271122 0.243083790271122 0.243083790271122
0.232769756951751 0.232769756951751 0.232769756951751 0.232769756951751
0.232769756951751 0.232769756951751 0.232769756951751 0.232769756951751
0.243178116678943 0.243178116678943 0.243178116678943 0.243178116678943
0.215866324886975 0.215866324886975 0.215866324886975 0.215866324886975
0.229609449498407 0.229609449498407 0.229609449498407 0.229609449498407
0.21985744512799 0.21985744512799 0.21985744512799 0.21985744512799
0.222062193701029 0.222062193701029 0.222062193701029 0.222062193701029
0.261201927358849 0.261201927358849 0.261201927358849 0.261201927358849
0.212845489620414 0.212845489620414 0.212845489620414 0.212845489620414
0.20678606000595 0.20678606000595 0.20678606000595 0.20678606000595
0.284154487209314 0.284154487209314 0.284154487209314 0.284154487209314
0.247970843730764 0.247970843730764 0.247970843730764 0.247970843730764
0.254596479072097 0.254596479072097 0.254596479072097 0.254596479072097
0.246240130316952 0.246240130316952 0.246240130316952 0.246240130316952
0.246240130316952 0.246240130316952 0.246240130316952 0.246240130316952
0.233678944114456 0.233678944114456 0.233678944114456 0.233678944114456
0.248589798355421 0.248589798355421 0.248589798355421 0.248589798355421
0.248589798355421 0.248589798355421 0.248589798355421 0.248589798355421
0.248589798355421 0.248589798355421 0.248589798355421 0.248589798355421
0.264643081464205 0.264643081464205 0.264643081464205 0.264643081464205
0.244697267123902 0.244697267123902 0.244697267123902 0.244697267123902
0.246821292946043 0.246821292946043 0.246821292946043 0.246821292946043
0.213812227891643 0.213812227891643 0.213812227891643 0.213812227891643
0.227961434103346 0.227961434103346 0.227961434103346 0.227961434103346
0.229090215046979 0.229090215046979 0.229090215046979 0.229090215046979
0.258918684866483 0.258918684866483 0.258918684866483 0.258918684866483
0.265858997163116 0.265858997163116 0.265858997163116 0.265858997163116
0.231183110464089 0.231183110464089 0.231183110464089 0.231183110464089
0.243072596925684 0.243072596925684 0.243072596925684 0.243072596925684
0.207115551531179 0.207115551531179 0.207115551531179 0.207115551531179
0.241395647322094 0.241395647322094 0.241395647322094 0.241395647322094
0.237743072641602 0.237743072641602 0.237743072641602 0.237743072641602
0.220042625197509 0.220042625197509 0.220042625197509 0.220042625197509
0.249308953711156 0.249308953711156 0.249308953711156 0.249308953711156
0.252256554732194 0.252256554732194 0.252256554732194 0.252256554732194
0.240873754765714 0.240873754765714 0.240873754765714 0.240873754765714
0.226082367479833 0.226082367479833 0.226082367479833 0.226082367479833
0.233486162152532 0.233486162152532 0.233486162152532 0.233486162152532
0.233486162152532 0.233486162152532 0.233486162152532 0.233486162152532
0.233486162152532 0.233486162152532 0.233486162152532 0.233486162152532
0.218300976023283 0.218300976023283 0.218300976023283 0.218300976023283
0.237359938677627 0.237359938677627 0.237359938677627 0.237359938677627
0.237756677299585 0.237756677299585 0.237756677299585 0.237756677299585
0.223604625542009 0.223604625542009 0.223604625542009 0.223604625542009
0.226158072074404 0.226158072074404 0.226158072074404 0.226158072074404
0.245181602002326 0.245181602002326 0.245181602002326 0.245181602002326
0.23973674806888 0.23973674806888 0.23973674806888 0.23973674806888
0.230580060802896 0.230580060802896 0.230580060802896 0.230580060802896
0.251196134891469 0.251196134891469 0.251196134891469 0.251196134891469
0.215556041732622 0.215556041732622 0.215556041732622 0.215556041732622
0.216666357334463 0.216666357334463 0.216666357334463 0.216666357334463
0.236890484912367 0.236890484912367 0.236890484912367 0.236890484912367
0.242972919459261 0.242972919459261 0.242972919459261 0.242972919459261
0.255603587105753 0.255603587105753 0.255603587105753 0.255603587105753
0.255603587105753 0.255603587105753 0.255603587105753 0.255603587105753
0.238410062372221 0.238410062372221 0.238410062372221 0.238410062372221
0.239801906647489 0.239801906647489 0.239801906647489 0.239801906647489
0.227913924061826 0.227913924061826 0.227913924061826 0.227913924061826
0.248313446008652 0.248313446008652 0.248313446008652 0.248313446008652
0.233949440533862 0.233949440533862 0.233949440533862 0.233949440533862
0.251697402734619 0.251697402734619 0.251697402734619 0.251697402734619
0.21907408749179 0.21907408749179 0.21907408749179 0.21907408749179
0.233124845300012 0.233124845300012 0.233124845300012 0.233124845300012
0.242732395003684 0.242732395003684 0.242732395003684 0.242732395003684
0.233359439205022 0.233359439205022 0.233359439205022 0.233359439205022
0.218312099130387 0.218312099130387 0.218312099130387 0.218312099130387
0.247454162656648 0.247454162656648 0.247454162656648 0.247454162656648
0.231168800391313 0.231168800391313 0.231168800391313 0.231168800391313
0.22247599064009 0.22247599064009 0.22247599064009 0.22247599064009
0.22247599064009 0.22247599064009 0.22247599064009 0.22247599064009
0.221349908673823 0.221349908673823 0.221349908673823 0.221349908673823
0.233752662309392 0.233752662309392 0.233752662309392 0.233752662309392
0.233752662309392 0.233752662309392 0.233752662309392 0.233752662309392
0.26858921619352 0.26858921619352 0.26858921619352 0.26858921619352
0.256115712023367 0.256115712023367 0.256115712023367 0.256115712023367
0.255187339685782 0.255187339685782 0.255187339685782 0.255187339685782
0.233433507733553 0.233433507733553 0.233433507733553 0.233433507733553
0.233433507733553 0.233433507733553 0.233433507733553 0.233433507733553
0.233433507733553 0.233433507733553 0.233433507733553 0.233433507733553
0.215809344438078 0.215809344438078 0.215809344438078 0.215809344438078
0.239902554705062 0.239902554705062 0.239902554705062 0.239902554705062
0.219806478098388 0.219806478098388 0.219806478098388 0.219806478098388
0.246381135099285 0.246381135099285 0.246381135099285 0.246381135099285
0.220605649946376 0.220605649946376 0.220605649946376 0.220605649946376
0.241719489927854 0.241719489927854 0.241719489927854 0.241719489927854
0.241719489927854 0.241719489927854 0.241719489927854 0.241719489927854
0.246076322194158 0.246076322194158 0.246076322194158 0.246076322194158
0.202155465068815 0.202155465068815 0.202155465068815 0.202155465068815
0.239497802220771 0.239497802220771 0.239497802220771 0.239497802220771
0.214372045228591 0.214372045228591 0.214372045228591 0.214372045228591
0.231204422426008 0.231204422426008 0.231204422426008 0.231204422426008
0.239330761405615 0.239330761405615 0.239330761405615 0.239330761405615
0.237494086970585 0.237494086970585 0.237494086970585 0.237494086970585
0.187604989624233 0.187604989624233 0.187604989624233 0.187604989624233
0.245319072393543 0.245319072393543 0.245319072393543 0.245319072393543
0.242558189840107 0.242558189840107 0.242558189840107 0.242558189840107
0.208353794265923 0.208353794265923 0.208353794265923 0.208353794265923
0.224390556230783 0.224390556230783 0.224390556230783 0.224390556230783
0.215453426990883 0.215453426990883 0.215453426990883 0.215453426990883
0.229432620483205 0.229432620483205 0.229432620483205 0.229432620483205
0.23566281727379 0.23566281727379 0.23566281727379 0.23566281727379
0.23334487155572 0.23334487155572 0.23334487155572 0.23334487155572
0.216596825275772 0.216596825275772 0.216596825275772 0.216596825275772
0.216596825275772 0.216596825275772 0.216596825275772 0.216596825275772
0.248228498041496 0.248228498041496 0.248228498041496 0.248228498041496
0.248228498041496 0.248228498041496 0.248228498041496 0.248228498041496
0.218041744299338 0.218041744299338 0.218041744299338 0.218041744299338
0.217293098396801 0.217293098396801 0.217293098396801 0.217293098396801
0.236439158409617 0.236439158409617 0.236439158409617 0.236439158409617
0.236439158409617 0.236439158409617 0.236439158409617 0.236439158409617
0.220391503044876 0.220391503044876 0.220391503044876 0.220391503044876
0.223308047822114 0.223308047822114 0.223308047822114 0.223308047822114
0.233401113580044 0.233401113580044 0.233401113580044 0.233401113580044
0.233401113580044 0.233401113580044 0.233401113580044 0.233401113580044
0.232383290277712 0.232383290277712 0.232383290277712 0.232383290277712
0.244073505813205 0.244073505813205 0.244073505813205 0.244073505813205
0.22240658652146 0.22240658652146 0.22240658652146 0.22240658652146
0.238117023333339 0.238117023333339 0.238117023333339 0.238117023333339
0.248673550942646 0.248673550942646 0.248673550942646 0.248673550942646
0.204597235028839 0.204597235028839 0.204597235028839 0.204597235028839
0.265298133458856 0.265298133458856 0.265298133458856 0.265298133458856
0.220000836702132 0.220000836702132 0.220000836702132 0.220000836702132
0.243172228034544 0.243172228034544 0.243172228034544 0.243172228034544
0.243172228034544 0.243172228034544 0.243172228034544 0.243172228034544
0.25217759243404 0.25217759243404 0.25217759243404 0.25217759243404
0.237106874954677 0.237106874954677 0.237106874954677 0.237106874954677
0.215997708975817 0.215997708975817 0.215997708975817 0.215997708975817
0.226569126621228 0.226569126621228 0.226569126621228 0.226569126621228
0.223772763149957 0.223772763149957 0.223772763149957 0.223772763149957
0.223772763149957 0.223772763149957 0.223772763149957 0.223772763149957
0.220989253967114 0.220989253967114 0.220989253967114 0.220989253967114
0.220989253967114 0.220989253967114 0.220989253967114 0.220989253967114
0.270629257979039 0.270629257979039 0.270629257979039 0.270629257979039
0.177150729976829 0.177150729976829 0.177150729976829 0.177150729976829
0.227193822937482 0.227193822937482 0.227193822937482 0.227193822937482
0.220290978074272 0.220290978074272 0.220290978074272 0.220290978074272
0.212206090387498 0.212206090387498 0.212206090387498 0.212206090387498
0.227966084851842 0.227966084851842 0.227966084851842 0.227966084851842
0.220341075821488 0.220341075821488 0.220341075821488 0.220341075821488
0.233547674071752 0.233547674071752 0.233547674071752 0.233547674071752
0.233547674071752 0.233547674071752 0.233547674071752 0.233547674071752
0.227516966274665 0.227516966274665 0.227516966274665 0.227516966274665
0.209378578987965 0.209378578987965 0.209378578987965 0.209378578987965
0.211246253622806 0.211246253622806 0.211246253622806 0.211246253622806
0.209098048579429 0.209098048579429 0.209098048579429 0.209098048579429
0.202695271919381 0.202695271919381 0.202695271919381 0.202695271919381
0.23743325477891 0.23743325477891 0.23743325477891 0.23743325477891
0.237882024482409 0.237882024482409 0.237882024482409 0.237882024482409
0.261289923911193 0.261289923911193 0.261289923911193 0.261289923911193
0.213386398927509 0.213386398927509 0.213386398927509 0.213386398927509
0.22891403093131 0.22891403093131 0.22891403093131 0.22891403093131
0.23290446244338 0.23290446244338 0.23290446244338 0.23290446244338
0.234867435221952 0.234867435221952 0.234867435221952 0.234867435221952
0.234867435221952 0.234867435221952 0.234867435221952 0.234867435221952
0.234600038170695 0.234600038170695 0.234600038170695 0.234600038170695
0.234600038170695 0.234600038170695 0.234600038170695 0.234600038170695
0.232424909413146 0.232424909413146 0.232424909413146 0.232424909413146
0.223090904308021 0.223090904308021 0.223090904308021 0.223090904308021
0.240806598284499 0.240806598284499 0.240806598284499 0.240806598284499
0.241002266854727 0.241002266854727 0.241002266854727 0.241002266854727
0.242731978506367 0.242731978506367 0.242731978506367 0.242731978506367
0.242731978506367 0.242731978506367 0.242731978506367 0.242731978506367
0.231993167904368 0.231993167904368 0.231993167904368 0.231993167904368
0.244163062358692 0.244163062358692 0.244163062358692 0.244163062358692
0.263393382418287 0.263393382418287 0.263393382418287 0.263393382418287
0.240961933542731 0.240961933542731 0.240961933542731 0.240961933542731
0.230315919448108 0.230315919448108 0.230315919448108 0.230315919448108
0.227464348157174 0.227464348157174 0.227464348157174 0.227464348157174
0.2652065244719 0.2652065244719 0.2652065244719 0.2652065244719
0.233396729483666 0.233396729483666 0.233396729483666 0.233396729483666
0.247308981689968 0.247308981689968 0.247308981689968 0.247308981689968
0.20847232785693 0.20847232785693 0.20847232785693 0.20847232785693
0.23815665453882 0.23815665453882 0.23815665453882 0.23815665453882
0.23815665453882 0.23815665453882 0.23815665453882 0.23815665453882
0.253214486723122 0.253214486723122 0.253214486723122 0.253214486723122
0.218372614462492 0.218372614462492 0.218372614462492 0.218372614462492
0.228403155609286 0.228403155609286 0.228403155609286 0.228403155609286
0.209037530294116 0.209037530294116 0.209037530294116 0.209037530294116
0.234910518275618 0.234910518275618 0.234910518275618 0.234910518275618
0.234910518275618 0.234910518275618 0.234910518275618 0.234910518275618
0.231600459213255 0.231600459213255 0.231600459213255 0.231600459213255
0.255235689114318 0.255235689114318 0.255235689114318 0.255235689114318
0.231166340582377 0.231166340582377 0.231166340582377 0.231166340582377
0.253316056541665 0.253316056541665 0.253316056541665 0.253316056541665
0.246255845035942 0.246255845035942 0.246255845035942 0.246255845035942
0.225756740648775 0.225756740648775 0.225756740648775 0.225756740648775
0.21779773328367 0.21779773328367 0.21779773328367 0.21779773328367
0.21779773328367 0.21779773328367 0.21779773328367 0.21779773328367
0.216624966213128 0.216624966213128 0.216624966213128 0.216624966213128
0.216624966213128 0.216624966213128 0.216624966213128 0.216624966213128
0.216624966213128 0.216624966213128 0.216624966213128 0.216624966213128
0.216624966213128 0.216624966213128 0.216624966213128 0.216624966213128
0.196220575903192 0.196220575903192 0.196220575903192 0.196220575903192
0.226246679668805 0.226246679668805 0.226246679668805 0.226246679668805
0.239085661772646 0.239085661772646 0.239085661772646 0.239085661772646
0.239714962598627 0.239714962598627 0.239714962598627 0.239714962598627
0.248423210702838 0.248423210702838 0.248423210702838 0.248423210702838
0.248423210702838 0.248423210702838 0.248423210702838 0.248423210702838
0.250404151758871 0.250404151758871 0.250404151758871 0.250404151758871
0.223658667840392 0.223658667840392 0.223658667840392 0.223658667840392
0.227027361332083 0.227027361332083 0.227027361332083 0.227027361332083
0.225508189220742 0.225508189220742 0.225508189220742 0.225508189220742
0.246310004393342 0.246310004393342 0.246310004393342 0.246310004393342
0.228814092456047 0.228814092456047 0.228814092456047 0.228814092456047
0.228814092456047 0.228814092456047 0.228814092456047 0.228814092456047
0.241000402280629 0.241000402280629 0.241000402280629 0.241000402280629
0.209210988046077 0.209210988046077 0.209210988046077 0.209210988046077
0.218296120004342 0.218296120004342 0.218296120004342 0.218296120004342
0.22421451162949 0.22421451162949 0.22421451162949 0.22421451162949
0.209556460575835 0.209556460575835 0.209556460575835 0.209556460575835
0.220569262343043 0.220569262343043 0.220569262343043 0.220569262343043
0.221446914102148 0.221446914102148 0.221446914102148 0.221446914102148
0.199822656785111 0.199822656785111 0.199822656785111 0.199822656785111
0.200178237103466 0.200178237103466 0.200178237103466 0.200178237103466
0.239926313033062 0.239926313033062 0.239926313033062 0.239926313033062
0.227420714051775 0.227420714051775 0.227420714051775 0.227420714051775
0.243391003075355 0.243391003075355 0.243391003075355 0.243391003075355
0.25064671245714 0.25064671245714 0.25064671245714 0.25064671245714
0.254903913014322 0.254903913014322 0.254903913014322 0.254903913014322
0.221879461758393 0.221879461758393 0.221879461758393 0.221879461758393
0.221879461758393 0.221879461758393 0.221879461758393 0.221879461758393
0.246177338760962 0.246177338760962 0.246177338760962 0.246177338760962
0.246177338760962 0.246177338760962 0.246177338760962 0.246177338760962
0.246177338760962 0.246177338760962 0.246177338760962 0.246177338760962
0.208682944522839 0.208682944522839 0.208682944522839 0.208682944522839
0.239252595489077 0.239252595489077 0.239252595489077 0.239252595489077
0.239252595489077 0.239252595489077 0.239252595489077 0.239252595489077
0.260839174354492 0.260839174354492 0.260839174354492 0.260839174354492
0.21740516695457 0.21740516695457 0.21740516695457 0.21740516695457
0.212296185341146 0.212296185341146 0.212296185341146 0.212296185341146
0.233632905835954 0.233632905835954 0.233632905835954 0.233632905835954
0.233632905835954 0.233632905835954 0.233632905835954 0.233632905835954
0.226268431612113 0.226268431612113 0.226268431612113 0.226268431612113
0.225817797523555 0.225817797523555 0.225817797523555 0.225817797523555
0.199321252303017 0.199321252303017 0.199321252303017 0.199321252303017
0.226502391716341 0.226502391716341 0.226502391716341 0.226502391716341
0.249875501610109 0.249875501610109 0.249875501610109 0.249875501610109
0.235833401950238 0.235833401950238 0.235833401950238 0.235833401950238
0.221525092458734 0.221525092458734 0.221525092458734 0.221525092458734
0.221525092458734 0.221525092458734 0.221525092458734 0.221525092458734
0.219460735581024 0.219460735581024 0.219460735581024 0.219460735581024
0.24272461916533 0.24272461916533 0.24272461916533 0.24272461916533
0.2548542947036 0.2548542947036 0.2548542947036 0.2548542947036
0.2548542947036 0.2548542947036 0.2548542947036 0.2548542947036
0.249293412375654 0.249293412375654 0.249293412375654 0.249293412375654
0.247374835925615 0.247374835925615 0.247374835925615 0.247374835925615
0.244355638197172 0.244355638197172 0.244355638197172 0.244355638197172
0.229429042061127 0.229429042061127 0.229429042061127 0.229429042061127
0.240989736393334 0.240989736393334 0.240989736393334 0.240989736393334
0.244921624276848 0.244921624276848 0.244921624276848 0.244921624276848
0.246518570452168 0.246518570452168 0.246518570452168 0.246518570452168
0.246518570452168 0.246518570452168 0.246518570452168 0.246518570452168
0.262335660887561 0.262335660887561 0.262335660887561 0.262335660887561
0.23337495225473 0.23337495225473 0.23337495225473 0.23337495225473
0.247227268574646 0.247227268574646 0.247227268574646 0.247227268574646
0.222712510609597 0.222712510609597 0.222712510609597 0.222712510609597
0.201098454047209 0.201098454047209 0.201098454047209 0.201098454047209
0.236368357911075 0.236368357911075 0.236368357911075 0.236368357911075
0.236368357911075 0.236368357911075 0.236368357911075 0.236368357911075
0.217249023513191 0.217249023513191 0.217249023513191 0.217249023513191
0.237477829099664 0.237477829099664 0.237477829099664 0.237477829099664
0.224820603552656 0.224820603552656 0.224820603552656 0.224820603552656
0.240362642630902 0.240362642630902 0.240362642630902 0.240362642630902
0.212163330721806 0.212163330721806 0.212163330721806 0.212163330721806
0.220888469021949 0.220888469021949 0.220888469021949 0.220888469021949
0.225196772389486 0.225196772389486 0.225196772389486 0.225196772389486
0.260796992900495 0.260796992900495 0.260796992900495 0.260796992900495
0.220303327069338 0.220303327069338 0.220303327069338 0.220303327069338
0.213740652541421 0.213740652541421 0.213740652541421 0.213740652541421
0.231198331896097 0.231198331896097 0.231198331896097 0.231198331896097
0.210795318029759 0.210795318029759 0.210795318029759 0.210795318029759
0.220602802360139 0.220602802360139 0.220602802360139 0.220602802360139
0.230626649500585 0.230626649500585 0.230626649500585 0.230626649500585
0.240731395352397 0.240731395352397 0.240731395352397 0.240731395352397
0.212895653910744 0.212895653910744 0.212895653910744 0.212895653910744
0.248057254815992 0.248057254815992 0.248057254815992 0.248057254815992
0.223425264960949 0.223425264960949 0.223425264960949 0.223425264960949
0.217169496734991 0.217169496734991 0.217169496734991 0.217169496734991
0.236466621616114 0.236466621616114 0.236466621616114 0.236466621616114
0.217105267309923 0.217105267309923 0.217105267309923 0.217105267309923
0.242537042485577 0.242537042485577 0.242537042485577 0.242537042485577
0.258932957455478 0.258932957455478 0.258932957455478 0.258932957455478
0.231845111596165 0.231845111596165 0.231845111596165 0.231845111596165
0.2353004744565 0.2353004744565 0.2353004744565 0.2353004744565
0.226029701221658 0.226029701221658 0.226029701221658 0.226029701221658
0.226029701221658 0.226029701221658 0.226029701221658 0.226029701221658
0.23065794638721 0.23065794638721 0.23065794638721 0.23065794638721
0.23065794638721 0.23065794638721 0.23065794638721 0.23065794638721
0.247491726261267 0.247491726261267 0.247491726261267 0.247491726261267
0.222342956097679 0.222342956097679 0.222342956097679 0.222342956097679
0.222342956097679 0.222342956097679 0.222342956097679 0.222342956097679
0.237838855163823 0.237838855163823 0.237838855163823 0.237838855163823
0.228174995379041 0.228174995379041 0.228174995379041 0.228174995379041
0.201362140595041 0.201362140595041 0.201362140595041 0.201362140595041
0.271012296152755 0.271012296152755 0.271012296152755 0.271012296152755
0.227884727919222 0.227884727919222 0.227884727919222 0.227884727919222
0.233895925863743 0.233895925863743 0.233895925863743 0.233895925863743
0.244429026173199 0.244429026173199 0.244429026173199 0.244429026173199
0.269075650459458 0.269075650459458 0.269075650459458 0.269075650459458
0.217315670822976 0.217315670822976 0.217315670822976 0.217315670822976
0.216921573095624 0.216921573095624 0.216921573095624 0.216921573095624
0.211082463571597 0.211082463571597 0.211082463571597 0.211082463571597
0.247134507527401 0.247134507527401 0.247134507527401 0.247134507527401
0.223820573178388 0.223820573178388 0.223820573178388 0.223820573178388
0.223820573178388 0.223820573178388 0.223820573178388 0.223820573178388
0.223820573178388 0.223820573178388 0.223820573178388 0.223820573178388
0.217692187611321 0.217692187611321 0.217692187611321 0.217692187611321
0.235092786907485 0.235092786907485 0.235092786907485 0.235092786907485
0.262880056739932 0.262880056739932 0.262880056739932 0.262880056739932
0.232372956067493 0.232372956067493 0.232372956067493 0.232372956067493
0.251981172316433 0.251981172316433 0.251981172316433 0.251981172316433
0.250581495689542 0.250581495689542 0.250581495689542 0.250581495689542
0.224954211863026 0.224954211863026 0.224954211863026 0.224954211863026
