34799.7873006203 34799.7873006203 34799.7873006203 34799.7873006203
33703.4371606916 33703.4371606916 33703.4371606916 33703.4371606916
34649.7635136708 34649.7635136708 34649.7635136708 34649.7635136708
35084.6471048051 35084.6471048051 35084.6471048051 35084.6471048051
34966.1876804338 34966.1876804338 34966.1876804338 34966.1876804338
33304.4890079202 33304.4890079202 33304.4890079202 33304.4890079202
32873.777753258 32873.777753258 32873.777753258 32873.777753258
32219.1516122456 32219.1516122456 32219.1516122456 32219.1516122456
31734.1799146324 31734.1799146324 31734.1799146324 31734.1799146324
31054.9711312598 31054.9711312598 31054.9711312598 31054.9711312598
30795.9235567732 30795.9235567732 30795.9235567732 30795.9235567732
30060.20112211 30060.20112211 30060.20112211 30060.20112211
31320.9328352455 31320.9328352455 31320.9328352455 31320.9328352455
31627.6495113669 31627.6495113669 31627.6495113669 31627.6495113669
31507.1681678372 31507.1681678372 31507.1681678372 31507.1681678372
30968.0016478998 30968.0016478998 30968.0016478998 30968.0016478998
30774.4068905652 30774.4068905652 30774.4068905652 30774.4068905652
32054.8247189082 32054.8247189082 32054.8247189082 32054.8247189082
31566.7990787805 31566.7990787805 31566.7990787805 31566.7990787805
32254.7504067671 32254.7504067671 32254.7504067671 32254.7504067671
33131.2324100307 33131.2324100307 33131.2324100307 33131.2324100307
33543.6118336486 33543.6118336486 33543.6118336486 33543.6118336486
32712.9687808639 32712.9687808639 32712.9687808639 32712.9687808639
32202.209893462 32202.209893462 32202.209893462 32202.209893462
32168.2176697232 32168.2176697232 32168.2176697232 32168.2176697232
32405.0683824895 32405.0683824895 32405.0683824895 32405.0683824895
32556.2868365437 32556.2868365437 32556.2868365437 32556.2868365437
32767.7114005383 32767.7114005383 32767.7114005383 32767.7114005383
33761.5511844354 33761.5511844354 33761.5511844354 33761.5511844354
33704.4923362953 33704.4923362953 33704.4923362953 33704.4923362953
34348.0500627657 34348.0500627657 34348.0500627657 34348.0500627657
35599.8277968257 35599.8277968257 35599.8277968257 35599.8277968257
34738.057010254 34738.057010254 34738.057010254 34738.057010254
35554.5540837571 35554.5540837571 35554.5540837571 35554.5540837571
35196.2651575615 35196.2651575615 35196.2651575615 35196.2651575615
34923.5650005131 34923.5650005131 34923.5650005131 34923.5650005131
35160.2482230192 35160.2482230192 35160.2482230192 35160.2482230192
34907.0967278015 34907.0967278015 34907.0967278015 34907.0967278015
34051.1195090036 34051.1195090036 34051.1195090036 34051.1195090036
34692.2502465267 34692.2502465267 34692.2502465267 34692.2502465267
34037.1896307176 34037.1896307176 34037.1896307176 34037.1896307176
32704.5239855993 32704.5239855993 32704.5239855993 32704.5239855993
32353.9087434425 32353.9087434425 32353.9087434425 32353.9087434425
32902.1586150096 32902.1586150096 32902.1586150096 32902.1586150096
32241.0750426284 32241.0750426284 32241.0750426284 32241.0750426284
31741.4456090082 31741.4456090082 31741.4456090082 31741.4456090082
31964.6539729881 31964.6539729881 31964.6539729881 31964.6539729881
30989.5885919868 30989.5885919868 30989.5885919868 30989.5885919868
29647.5908755744 29647.5908755744 29647.5908755744 29647.5908755744
29037.5192506776 29037.5192506776 29037.5192506776 29037.5192506776
29343.2376695837 29343.2376695837 29343.2376695837 29343.2376695837
29817.7458662591 29817.7458662591 29817.7458662591 29817.7458662591
29972.6013622193 29972.6013622193 29972.6013622193 29972.6013622193
30465.704115404 30465.704115404 30465.704115404 30465.704115404
30747.7791444426 30747.7791444426 30747.7791444426 30747.7791444426
30944.7176525037 30944.7176525037 30944.7176525037 30944.7176525037
31144.782805047 31144.782805047 31144.782805047 31144.782805047
30891.7782003923 30891.7782003923 30891.7782003923 30891.7782003923
30494.0439754379 30494.0439754379 30494.0439754379 30494.0439754379
31090.2629193448 31090.2629193448 31090.2629193448 31090.2629193448
30187.7068520774 30187.7068520774 30187.7068520774 30187.7068520774
30499.7544382623 30499.7544382623 30499.7544382623 30499.7544382623
31332.77578378 31332.77578378 31332.77578378 31332.77578378
31380.8876152184 31380.8876152184 31380.8876152184 31380.8876152184
31773.2351160653 31773.2351160653 31773.2351160653 31773.2351160653
31281.5542191396 31281.5542191396 31281.5542191396 31281.5542191396
30934.8138571094 30934.8138571094 30934.8138571094 30934.8138571094
31665.5449779144 31665.5449779144 31665.5449779144 31665.5449779144
32274.73000824 32274.73000824 32274.73000824 32274.73000824
32173.0563117453 32173.0563117453 32173.0563117453 32173.0563117453
32912.9711108169 32912.9711108169 32912.9711108169 32912.9711108169
32882.3868636661 32882.3868636661 32882.3868636661 32882.3868636661
32365.7844488597 32365.7844488597 32365.7844488597 32365.7844488597
33169.6273736551 33169.6273736551 33169.6273736551 33169.6273736551
33791.7888671768 33791.7888671768 33791.7888671768 33791.7888671768
33908.0504392884 33908.0504392884 33908.0504392884 33908.0504392884
33485.1714587835 33485.1714587835 33485.1714587835 33485.1714587835
33261.9782654397 33261.9782654397 33261.9782654397 33261.9782654397
34644.1831411851 34644.1831411851 34644.1831411851 34644.1831411851
33938.3335853853 33938.3335853853 33938.3335853853 33938.3335853853
32411.133461425 32411.133461425 32411.133461425 32411.133461425
32702.9984411023 32702.9984411023 32702.9984411023 32702.9984411023
31701.9547333724 31701.9547333724 31701.9547333724 31701.9547333724
31787.7009325766 31787.7009325766 31787.7009325766 31787.7009325766
31191.3362301649 31191.3362301649 31191.3362301649 31191.3362301649
31123.5289909859 31123.5289909859 31123.5289909859 31123.5289909859
32185.0177943463 32185.0177943463 32185.0177943463 32185.0177943463
32753.6121116196 32753.6121116196 32753.6121116196 32753.6121116196
32968.551386959 32968.551386959 32968.551386959 32968.551386959
32708.731161675 32708.731161675 32708.731161675 32708.731161675
32483.9481786251 32483.9481786251 32483.9481786251 32483.9481786251
32812.4147139185 32812.4147139185 32812.4147139185 32812.4147139185
32453.6419265584 32453.6419265584 32453.6419265584 32453.6419265584
32786.7051556641 32786.7051556641 32786.7051556641 32786.7051556641
33293.3259881775 33293.3259881775 33293.3259881775 33293.3259881775
32329.1821343185 32329.1821343185 32329.1821343185 32329.1821343185
32913.7514161033 32913.7514161033 32913.7514161033 32913.7514161033
32602.2691517063 32602.2691517063 32602.2691517063 32602.2691517063
30937.1898115587 30937.1898115587 30937.1898115587 30937.1898115587
30125.7451868979 30125.7451868979 30125.7451868979 30125.7451868979
29772.4851900777 29772.4851900777 29772.4851900777 29772.4851900777
29978.2383112893 29978.2383112893 29978.2383112893 29978.2383112893
29959.5948794626 29959.5948794626 29959.5948794626 29959.5948794626
31058.5503453793 31058.5503453793 31058.5503453793 31058.5503453793
31348.7109827212 31348.7109827212 31348.7109827212 31348.7109827212
31662.0983287229 31662.0983287229 31662.0983287229 31662.0983287229
31804.8530792781 31804.8530792781 31804.8530792781 31804.8530792781
30684.0184120631 30684.0184120631 30684.0184120631 30684.0184120631
30808.1015701954 30808.1015701954 30808.1015701954 30808.1015701954
30978.6118606798 30978.6118606798 30978.6118606798 30978.6118606798
30547.7872353103 30547.7872353103 30547.7872353103 30547.7872353103
31156.4685746224 31156.4685746224 31156.4685746224 31156.4685746224
31186.1042625655 31186.1042625655 31186.1042625655 31186.1042625655
31162.9328164138 31162.9328164138 31162.9328164138 31162.9328164138
31281.043169326 31281.043169326 31281.043169326 31281.043169326
31687.4052169966 31687.4052169966 31687.4052169966 31687.4052169966
32679.6631869157 32679.6631869157 32679.6631869157 32679.6631869157
32799.1031159179 32799.1031159179 32799.1031159179 32799.1031159179
31857.5352647883 31857.5352647883 31857.5352647883 31857.5352647883
31557.9059292321 31557.9059292321 31557.9059292321 31557.9059292321
30852.2517479093 30852.2517479093 30852.2517479093 30852.2517479093
31899.2790355686 31899.2790355686 31899.2790355686 31899.2790355686
33223.7769452931 33223.7769452931 33223.7769452931 33223.7769452931
33546.3241678089 33546.3241678089 33546.3241678089 33546.3241678089
34028.4992234509 34028.4992234509 34028.4992234509 34028.4992234509
33854.8951906022 33854.8951906022 33854.8951906022 33854.8951906022
34231.2643459145 34231.2643459145 34231.2643459145 34231.2643459145
34264.6607565754 34264.6607565754 34264.6607565754 34264.6607565754
33348.0554597132 33348.0554597132 33348.0554597132 33348.0554597132
32910.8763508223 32910.8763508223 32910.8763508223 32910.8763508223
32861.4217016745 32861.4217016745 32861.4217016745 32861.4217016745
34097.4490233273 34097.4490233273 34097.4490233273 34097.4490233273
34339.4016394642 34339.4016394642 34339.4016394642 34339.4016394642
32985.0937138082 32985.0937138082 32985.0937138082 32985.0937138082
33040.0256114147 33040.0256114147 33040.0256114147 33040.0256114147
33590.117748763 33590.117748763 33590.117748763 33590.117748763
33510.7998996776 33510.7998996776 33510.7998996776 33510.7998996776
33655.1317042054 33655.1317042054 33655.1317042054 33655.1317042054
34535.1740617567 34535.1740617567 34535.1740617567 34535.1740617567
34191.229644049 34191.229644049 34191.229644049 34191.229644049
34819.2065960284 34819.2065960284 34819.2065960284 34819.2065960284
34359.4607165045 34359.4607165045 34359.4607165045 34359.4607165045
35353.6252277802 35353.6252277802 35353.6252277802 35353.6252277802
34604.2019478351 34604.2019478351 34604.2019478351 34604.2019478351
34265.6832032563 34265.6832032563 34265.6832032563 34265.6832032563
34423.6519757466 34423.6519757466 34423.6519757466 34423.6519757466
34952.7842888428 34952.7842888428 34952.7842888428 34952.7842888428
33567.0810810993 33567.0810810993 33567.0810810993 33567.0810810993
33362.6144065605 33362.6144065605 33362.6144065605 33362.6144065605
33837.0465256296 33837.0465256296 33837.0465256296 33837.0465256296
34594.9221120375 34594.9221120375 34594.9221120375 34594.9221120375
34598.8094611496 34598.8094611496 34598.8094611496 34598.8094611496
34900.0401512243 34900.0401512243 34900.0401512243 34900.0401512243
35571.4334662219 35571.4334662219 35571.4334662219 35571.4334662219
35768.5321408607 35768.5321408607 35768.5321408607 35768.5321408607
35942.6791803572 35942.6791803572 35942.6791803572 35942.6791803572
36301.4586540006 36301.4586540006 36301.4586540006 36301.4586540006
35737.9199410094 35737.9199410094 35737.9199410094 35737.9199410094
35696.2707127191 35696.2707127191 35696.2707127191 35696.2707127191
36189.6347000322 36189.6347000322 36189.6347000322 36189.6347000322
35295.6976215733 35295.6976215733 35295.6976215733 35295.6976215733
34573.0018562248 34573.0018562248 34573.0018562248 34573.0018562248
34660.3025840783 34660.3025840783 34660.3025840783 34660.3025840783
35633.7614697797 35633.7614697797 35633.7614697797 35633.7614697797
35156.1404305363 35156.1404305363 35156.1404305363 35156.1404305363
35198.6046998901 35198.6046998901 35198.6046998901 35198.6046998901
35018.150972403 35018.150972403 35018.150972403 35018.150972403
34331.5089282149 34331.5089282149 34331.5089282149 34331.5089282149
34160.3137447448 34160.3137447448 34160.3137447448 34160.3137447448
34020.0728112714 34020.0728112714 34020.0728112714 34020.0728112714
32316.4445393706 32316.4445393706 32316.4445393706 32316.4445393706
32338.3208244974 32338.3208244974 32338.3208244974 32338.3208244974
31140.0062704715 31140.0062704715 31140.0062704715 31140.0062704715
32117.456384371 32117.456384371 32117.456384371 32117.456384371
32157.6528119669 32157.6528119669 32157.6528119669 32157.6528119669
32511.9331250345 32511.9331250345 32511.9331250345 32511.9331250345
32061.7094444039 32061.7094444039 32061.7094444039 32061.7094444039
31876.9483484414 31876.9483484414 31876.9483484414 31876.9483484414
31809.9778808446 31809.9778808446 31809.9778808446 31809.9778808446
32086.8877795288 32086.8877795288 32086.8877795288 32086.8877795288
32270.6589277664 32270.6589277664 32270.6589277664 32270.6589277664
32346.9739991918 32346.9739991918 32346.9739991918 32346.9739991918
32524.2165512976 32524.2165512976 32524.2165512976 32524.2165512976
31921.4974913873 31921.4974913873 31921.4974913873 31921.4974913873
31072.9627542101 31072.9627542101 31072.9627542101 31072.9627542101
29904.68723562 29904.68723562 29904.68723562 29904.68723562
30056.857116479 30056.857116479 30056.857116479 30056.857116479
30032.8300503892 30032.8300503892 30032.8300503892 30032.8300503892
31055.8295222613 31055.8295222613 31055.8295222613 31055.8295222613
32013.8037676785 32013.8037676785 32013.8037676785 32013.8037676785
31972.1585218657 31972.1585218657 31972.1585218657 31972.1585218657
31506.6814860983 31506.6814860983 31506.6814860983 31506.6814860983
32248.8513348499 32248.8513348499 32248.8513348499 32248.8513348499
31574.0205517307 31574.0205517307 31574.0205517307 31574.0205517307
31865.5116181991 31865.5116181991 31865.5116181991 31865.5116181991
32152.1389068663 32152.1389068663 32152.1389068663 32152.1389068663
31947.5760475087 31947.5760475087 31947.5760475087 31947.5760475087
30907.4360682481 30907.4360682481 30907.4360682481 30907.4360682481
31398.4639610821 31398.4639610821 31398.4639610821 31398.4639610821
31744.9035120729 31744.9035120729 31744.9035120729 31744.9035120729
30177.1711099198 30177.1711099198 30177.1711099198 30177.1711099198
30089.2673274328 30089.2673274328 30089.2673274328 30089.2673274328
30022.0216297644 30022.0216297644 30022.0216297644 30022.0216297644
30503.0443874916 30503.0443874916 30503.0443874916 30503.0443874916
30414.7708588831 30414.7708588831 30414.7708588831 30414.7708588831
29546.0718966213 29546.0718966213 29546.0718966213 29546.0718966213
29825.0346801047 29825.0346801047 29825.0346801047 29825.0346801047
29914.4150599982 29914.4150599982 29914.4150599982 29914.4150599982
29397.8217501266 29397.8217501266 29397.8217501266 29397.8217501266
30194.9852252628 30194.9852252628 30194.9852252628 30194.9852252628
30832.282740363 30832.282740363 30832.282740363 30832.282740363
30645.3601493666 30645.3601493666 30645.3601493666 30645.3601493666
31024.2064089789 31024.2064089789 31024.2064089789 31024.2064089789
31442.6315907794 31442.6315907794 31442.6315907794 31442.6315907794
30784.6249410349 30784.6249410349 30784.6249410349 30784.6249410349
31168.6858601021 31168.6858601021 31168.6858601021 31168.6858601021
30903.9479344793 30903.9479344793 30903.9479344793 30903.9479344793
31296.5457522919 31296.5457522919 31296.5457522919 31296.5457522919
31316.8668818456 31316.8668818456 31316.8668818456 31316.8668818456
31260.3918117826 31260.3918117826 31260.3918117826 31260.3918117826
30308.6461548272 30308.6461548272 30308.6461548272 30308.6461548272
30117.7115741219 30117.7115741219 30117.7115741219 30117.7115741219
30818.7992174776 30818.7992174776 30818.7992174776 30818.7992174776
30496.8446545324 30496.8446545324 30496.8446545324 30496.8446545324
29283.2628055426 29283.2628055426 29283.2628055426 29283.2628055426
29952.5736175461 29952.5736175461 29952.5736175461 29952.5736175461
30729.1223972033 30729.1223972033 30729.1223972033 30729.1223972033
30219.166975486 30219.166975486 30219.166975486 30219.166975486
30931.2246898635 30931.2246898635 30931.2246898635 30931.2246898635
31208.9622314318 31208.9622314318 31208.9622314318 31208.9622314318
31342.780642524 31342.780642524 31342.780642524 31342.780642524
31900.8386231648 31900.8386231648 31900.8386231648 31900.8386231648
31359.1842402116 31359.1842402116 31359.1842402116 31359.1842402116
30303.1809866551 30303.1809866551 30303.1809866551 30303.1809866551
30856.6563928578 30856.6563928578 30856.6563928578 30856.6563928578
31863.2731283875 31863.2731283875 31863.2731283875 31863.2731283875
32213.5504786214 32213.5504786214 32213.5504786214 32213.5504786214
33068.5263681905 33068.5263681905 33068.5263681905 33068.5263681905
33234.0565011943 33234.0565011943 33234.0565011943 33234.0565011943
32512.1982117886 32512.1982117886 32512.1982117886 32512.1982117886
31605.0151365918 31605.0151365918 31605.0151365918 31605.0151365918
31027.2888067655 31027.2888067655 31027.2888067655 31027.2888067655
31133.9964533098 31133.9964533098 31133.9964533098 31133.9964533098
31083.8855763291 31083.8855763291 31083.8855763291 31083.8855763291
29390.2520054837 29390.2520054837 29390.2520054837 29390.2520054837
29090.6718716007 29090.6718716007 29090.6718716007 29090.6718716007
29003.9801876877 29003.9801876877 29003.9801876877 29003.9801876877
30166.3441402185 30166.3441402185 30166.3441402185 30166.3441402185
30394.1486099758 30394.1486099758 30394.1486099758 30394.1486099758
30647.5791458594 30647.5791458594 30647.5791458594 30647.5791458594
30060.7111008078 30060.7111008078 30060.7111008078 30060.7111008078
29326.2856536325 29326.2856536325 29326.2856536325 29326.2856536325
29413.3119982391 29413.3119982391 29413.3119982391 29413.3119982391
29598.3155142593 29598.3155142593 29598.3155142593 29598.3155142593
29163.1750562917 29163.1750562917 29163.1750562917 29163.1750562917
29115.4130600048 29115.4130600048 29115.4130600048 29115.4130600048
29715.9734231593 29715.9734231593 29715.9734231593 29715.9734231593
29874.9636115082 29874.9636115082 29874.9636115082 29874.9636115082
30710.7153843732 30710.7153843732 30710.7153843732 30710.7153843732
30790.4011723478 30790.4011723478 30790.4011723478 30790.4011723478
29639.8534051185 29639.8534051185 29639.8534051185 29639.8534051185
29662.7078797715 29662.7078797715 29662.7078797715 29662.7078797715
30182.2426788384 30182.2426788384 30182.2426788384 30182.2426788384
29637.1019623455 29637.1019623455 29637.1019623455 29637.1019623455
29941.6453786458 29941.6453786458 29941.6453786458 29941.6453786458
28992.5859492197 28992.5859492197 28992.5859492197 28992.5859492197
28569.2458765992 28569.2458765992 28569.2458765992 28569.2458765992
29368.4273901696 29368.4273901696 29368.4273901696 29368.4273901696
30238.7104739068 30238.7104739068 30238.7104739068 30238.7104739068
30892.9152502131 30892.9152502131 30892.9152502131 30892.9152502131
32079.1743220048 32079.1743220048 32079.1743220048 32079.1743220048
31656.0008300855 31656.0008300855 31656.0008300855 31656.0008300855
31358.1907485699 31358.1907485699 31358.1907485699 31358.1907485699
31559.8188732545 31559.8188732545 31559.8188732545 31559.8188732545
31497.7886463485 31497.7886463485 31497.7886463485 31497.7886463485
31866.3407784297 31866.3407784297 31866.3407784297 31866.3407784297
32162.3051408554 32162.3051408554 32162.3051408554 32162.3051408554
33220.2271529673 33220.2271529673 33220.2271529673 33220.2271529673
33531.7585603947 33531.7585603947 33531.7585603947 33531.7585603947
33257.8878877985 33257.8878877985 33257.8878877985 33257.8878877985
33941.8012828593 33941.8012828593 33941.8012828593 33941.8012828593
33805.1538301567 33805.1538301567 33805.1538301567 33805.1538301567
33214.8079606509 33214.8079606509 33214.8079606509 33214.8079606509
32220.5988502483 32220.5988502483 32220.5988502483 32220.5988502483
31910.1024138207 31910.1024138207 31910.1024138207 31910.1024138207
32182.2290416741 32182.2290416741 32182.2290416741 32182.2290416741
32032.5421140841 32032.5421140841 32032.5421140841 32032.5421140841
33461.9365794644 33461.9365794644 33461.9365794644 33461.9365794644
32370.7273014112 32370.7273014112 32370.7273014112 32370.7273014112
33257.8682964079 33257.8682964079 33257.8682964079 33257.8682964079
32557.6349560818 32557.6349560818 32557.6349560818 32557.6349560818
33400.1223196913 33400.1223196913 33400.1223196913 33400.1223196913
32967.8910468386 32967.8910468386 32967.8910468386 32967.8910468386
32375.8404259895 32375.8404259895 32375.8404259895 32375.8404259895
32754.598425851 32754.598425851 32754.598425851 32754.598425851
34186.886866351 34186.886866351 34186.886866351 34186.886866351
32882.7724322658 32882.7724322658 32882.7724322658 32882.7724322658
31648.3701033234 31648.3701033234 31648.3701033234 31648.3701033234
31626.115086147 31626.115086147 31626.115086147 31626.115086147
31902.7041844267 31902.7041844267 31902.7041844267 31902.7041844267
32625.7910991591 32625.7910991591 32625.7910991591 32625.7910991591
32101.3301585547 32101.3301585547 32101.3301585547 32101.3301585547
32299.3118575714 32299.3118575714 32299.3118575714 32299.3118575714
31083.971915085 31083.971915085 31083.971915085 31083.971915085
32555.4577347843 32555.4577347843 32555.4577347843 32555.4577347843
31981.5503399205 31981.5503399205 31981.5503399205 31981.5503399205
31465.5080103673 31465.5080103673 31465.5080103673 31465.5080103673
32181.6591612106 32181.6591612106 32181.6591612106 32181.6591612106
32353.4379463199 32353.4379463199 32353.4379463199 32353.4379463199
32513.3806676834 32513.3806676834 32513.3806676834 32513.3806676834
32944.6400866808 32944.6400866808 32944.6400866808 32944.6400866808
32730.9585643169 32730.9585643169 32730.9585643169 32730.9585643169
32946.6575774119 32946.6575774119 32946.6575774119 32946.6575774119
33236.1640406237 33236.1640406237 33236.1640406237 33236.1640406237
32728.5429654162 32728.5429654162 32728.5429654162 32728.5429654162
32313.7794529231 32313.7794529231 32313.7794529231 32313.7794529231
31521.1308073691 31521.1308073691 31521.1308073691 31521.1308073691
31404.8317658333 31404.8317658333 31404.8317658333 31404.8317658333
31285.2781019233 31285.2781019233 31285.2781019233 31285.2781019233
30474.0208903623 30474.0208903623 30474.0208903623 30474.0208903623
31007.2829516638 31007.2829516638 31007.2829516638 31007.2829516638
30590.4839362749 30590.4839362749 30590.4839362749 30590.4839362749
30931.318737651 30931.318737651 30931.318737651 30931.318737651
31535.1506039072 31535.1506039072 31535.1506039072 31535.1506039072
31247.0977296332 31247.0977296332 31247.0977296332 31247.0977296332
30420.4616313585 30420.4616313585 30420.4616313585 30420.4616313585
30337.8341009836 30337.8341009836 30337.8341009836 30337.8341009836
30073.2522541745 30073.2522541745 30073.2522541745 30073.2522541745
31527.3099569264 31527.3099569264 31527.3099569264 31527.3099569264
31894.7397583609 31894.7397583609 31894.7397583609 31894.7397583609
32763.4470794068 32763.4470794068 32763.4470794068 32763.4470794068
32755.6672388626 32755.6672388626 32755.6672388626 32755.6672388626
31867.4174541491 31867.4174541491 31867.4174541491 31867.4174541491
31775.6622855939 31775.6622855939 31775.6622855939 31775.6622855939
31441.0019183575 31441.0019183575 31441.0019183575 31441.0019183575
32182.3883988631 32182.3883988631 32182.3883988631 32182.3883988631
31653.6972943934 31653.6972943934 31653.6972943934 31653.6972943934
31622.9370433655 31622.9370433655 31622.9370433655 31622.9370433655
31984.6725728896 31984.6725728896 31984.6725728896 31984.6725728896
31905.9801404753 31905.9801404753 31905.9801404753 31905.9801404753
32257.52410313 32257.52410313 32257.52410313 32257.52410313
32792.534680103 32792.534680103 32792.534680103 32792.534680103
32002.8721299859 32002.8721299859 32002.8721299859 32002.8721299859
32799.6610853961 32799.6610853961 32799.6610853961 32799.6610853961
32748.9553576366 32748.9553576366 32748.9553576366 32748.9553576366
33829.1024180438 33829.1024180438 33829.1024180438 33829.1024180438
33746.3115668841 33746.3115668841 33746.3115668841 33746.3115668841
33498.9345156414 33498.9345156414 33498.9345156414 33498.9345156414
32942.5407221511 32942.5407221511 32942.5407221511 32942.5407221511
31914.8922366312 31914.8922366312 31914.8922366312 31914.8922366312
32765.4825162679 32765.4825162679 32765.4825162679 32765.4825162679
31631.6921094335 31631.6921094335 31631.6921094335 31631.6921094335
31323.2834782456 31323.2834782456 31323.2834782456 31323.2834782456
30300.9947855564 30300.9947855564 30300.9947855564 30300.9947855564
29439.7541536657 29439.7541536657 29439.7541536657 29439.7541536657
28099.5554625928 28099.5554625928 28099.5554625928 28099.5554625928
27827.8445072169 27827.8445072169 27827.8445072169 27827.8445072169
28443.938129391 28443.938129391 28443.938129391 28443.938129391
28451.2304492745 28451.2304492745 28451.2304492745 28451.2304492745
28482.0701175166 28482.0701175166 28482.0701175166 28482.0701175166
28822.6907765057 28822.6907765057 28822.6907765057 28822.6907765057
28707.2917646005 28707.2917646005 28707.2917646005 28707.2917646005
30308.3236713248 30308.3236713248 30308.3236713248 30308.3236713248
30456.0266671892 30456.0266671892 30456.0266671892 30456.0266671892
30281.6815754042 30281.6815754042 30281.6815754042 30281.6815754042
30426.9276067259 30426.9276067259 30426.9276067259 30426.9276067259
29489.5838009268 29489.5838009268 29489.5838009268 29489.5838009268
29529.9153376036 29529.9153376036 29529.9153376036 29529.9153376036
29698.7070825735 29698.7070825735 29698.7070825735 29698.7070825735
29429.5210222384 29429.5210222384 29429.5210222384 29429.5210222384
28538.7072912421 28538.7072912421 28538.7072912421 28538.7072912421
28696.5662891863 28696.5662891863 28696.5662891863 28696.5662891863
28223.3687383528 28223.3687383528 28223.3687383528 28223.3687383528
28168.4773762018 28168.4773762018 28168.4773762018 28168.4773762018
27755.3987189782 27755.3987189782 27755.3987189782 27755.3987189782
27617.2519268335 27617.2519268335 27617.2519268335 27617.2519268335
28170.6597540087 28170.6597540087 28170.6597540087 28170.6597540087
28580.9330272965 28580.9330272965 28580.9330272965 28580.9330272965
29178.6878982642 29178.6878982642 29178.6878982642 29178.6878982642
29170.8747694943 29170.8747694943 29170.8747694943 29170.8747694943
28526.4165423354 28526.4165423354 28526.4165423354 28526.4165423354
28614.5468948976 28614.5468948976 28614.5468948976 28614.5468948976
28637.3347042874 28637.3347042874 28637.3347042874 28637.3347042874
29587.3081065336 29587.3081065336 29587.3081065336 29587.3081065336
29389.7189105902 29389.7189105902 29389.7189105902 29389.7189105902
28035.180410697 28035.180410697 28035.180410697 28035.180410697
28193.3617141015 28193.3617141015 28193.3617141015 28193.3617141015
28917.7379886505 28917.7379886505 28917.7379886505 28917.7379886505
28089.2390950367 28089.2390950367 28089.2390950367 28089.2390950367
26985.4838268763 26985.4838268763 26985.4838268763 26985.4838268763
26629.2977908238 26629.2977908238 26629.2977908238 26629.2977908238
26610.9061468022 26610.9061468022 26610.9061468022 26610.9061468022
24589.1056597172 24589.1056597172 24589.1056597172 24589.1056597172
25040.013063624 25040.013063624 25040.013063624 25040.013063624
24846.7322253677 24846.7322253677 24846.7322253677 24846.7322253677
24818.9659128393 24818.9659128393 24818.9659128393 24818.9659128393
24973.5078471488 24973.5078471488 24973.5078471488 24973.5078471488
25134.4899798585 25134.4899798585 25134.4899798585 25134.4899798585
25766.5295311133 25766.5295311133 25766.5295311133 25766.5295311133
24879.395156851 24879.395156851 24879.395156851 24879.395156851
24841.2278825838 24841.2278825838 24841.2278825838 24841.2278825838
25677.1923507915 25677.1923507915 25677.1923507915 25677.1923507915
26545.4860475125 26545.4860475125 26545.4860475125 26545.4860475125
26892.8937524271 26892.8937524271 26892.8937524271 26892.8937524271
27517.8852275399 27517.8852275399 27517.8852275399 27517.8852275399
27237.5591946661 27237.5591946661 27237.5591946661 27237.5591946661
27145.4167427458 27145.4167427458 27145.4167427458 27145.4167427458
26872.0674991492 26872.0674991492 26872.0674991492 26872.0674991492
28343.5000941438 28343.5000941438 28343.5000941438 28343.5000941438
28198.1634540549 28198.1634540549 28198.1634540549 28198.1634540549
27365.5647819477 27365.5647819477 27365.5647819477 27365.5647819477
27537.8573258608 27537.8573258608 27537.8573258608 27537.8573258608
27421.611303156 27421.611303156 27421.611303156 27421.611303156
27549.289504523 27549.289504523 27549.289504523 27549.289504523
26758.4263767859 26758.4263767859 26758.4263767859 26758.4263767859
27309.2341220586 27309.2341220586 27309.2341220586 27309.2341220586
26135.5672699711 26135.5672699711 26135.5672699711 26135.5672699711
26039.3851199717 26039.3851199717 26039.3851199717 26039.3851199717
25626.9424138587 25626.9424138587 25626.9424138587 25626.9424138587
24684.3213590297 24684.3213590297 24684.3213590297 24684.3213590297
24892.7950882862 24892.7950882862 24892.7950882862 24892.7950882862
24530.4402771025 24530.4402771025 24530.4402771025 24530.4402771025
24547.9589451349 24547.9589451349 24547.9589451349 24547.9589451349
23760.2801597357 23760.2801597357 23760.2801597357 23760.2801597357
24171.4170130002 24171.4170130002 24171.4170130002 24171.4170130002
23375.0402472088 23375.0402472088 23375.0402472088 23375.0402472088
22183.3013995193 22183.3013995193 22183.3013995193 22183.3013995193
23356.8537015745 23356.8537015745 23356.8537015745 23356.8537015745
23926.5190697303 23926.5190697303 23926.5190697303 23926.5190697303
23759.6931444705 23759.6931444705 23759.6931444705 23759.6931444705
23488.6772642877 23488.6772642877 23488.6772642877 23488.6772642877
23493.2825365626 23493.2825365626 23493.2825365626 23493.2825365626
24021.3886715454 24021.3886715454 24021.3886715454 24021.3886715454
23488.9556564921 23488.9556564921 23488.9556564921 23488.9556564921
23850.4604853648 23850.4604853648 23850.4604853648 23850.4604853648
23233.9629556267 23233.9629556267 23233.9629556267 23233.9629556267
23913.4522678889 23913.4522678889 23913.4522678889 23913.4522678889
23531.1628122238 23531.1628122238 23531.1628122238 23531.1628122238
23852.1872302863 23852.1872302863 23852.1872302863 23852.1872302863
23489.9708660956 23489.9708660956 23489.9708660956 23489.9708660956
22905.2143672445 22905.2143672445 22905.2143672445 22905.2143672445
23553.5663845366 23553.5663845366 23553.5663845366 23553.5663845366
23478.9773082226 23478.9773082226 23478.9773082226 23478.9773082226
22113.1253015408 22113.1253015408 22113.1253015408 22113.1253015408
22210.207235025 22210.207235025 22210.207235025 22210.207235025
21809.2914262465 21809.2914262465 21809.2914262465 21809.2914262465
21486.0815559943 21486.0815559943 21486.0815559943 21486.0815559943
21392.1103890317 21392.1103890317 21392.1103890317 21392.1103890317
20824.948071173 20824.948071173 20824.948071173 20824.948071173
21703.2657694064 21703.2657694064 21703.2657694064 21703.2657694064
21465.1871656593 21465.1871656593 21465.1871656593 21465.1871656593
21439.2472922866 21439.2472922866 21439.2472922866 21439.2472922866
21038.4311976515 21038.4311976515 21038.4311976515 21038.4311976515
21412.3506662856 21412.3506662856 21412.3506662856 21412.3506662856
20798.0089503347 20798.0089503347 20798.0089503347 20798.0089503347
21354.4789772671 21354.4789772671 21354.4789772671 21354.4789772671
21439.6526822706 21439.6526822706 21439.6526822706 21439.6526822706
22705.8642197756 22705.8642197756 22705.8642197756 22705.8642197756
21588.0048393083 21588.0048393083 21588.0048393083 21588.0048393083
21045.5889819089 21045.5889819089 21045.5889819089 21045.5889819089
20700.9293594253 20700.9293594253 20700.9293594253 20700.9293594253
20734.7620190496 20734.7620190496 20734.7620190496 20734.7620190496
19582.125739244 19582.125739244 19582.125739244 19582.125739244
19952.2794377619 19952.2794377619 19952.2794377619 19952.2794377619
19458.8156248271 19458.8156248271 19458.8156248271 19458.8156248271
20332.8025618636 20332.8025618636 20332.8025618636 20332.8025618636
21085.3985033766 21085.3985033766 21085.3985033766 21085.3985033766
21430.5564442067 21430.5564442067 21430.5564442067 21430.5564442067
20487.2468768308 20487.2468768308 20487.2468768308 20487.2468768308
20596.549045343 20596.549045343 20596.549045343 20596.549045343
20914.6972116047 20914.6972116047 20914.6972116047 20914.6972116047
20714.8885484947 20714.8885484947 20714.8885484947 20714.8885484947
20298.2600010375 20298.2600010375 20298.2600010375 20298.2600010375
20772.1040702836 20772.1040702836 20772.1040702836 20772.1040702836
20201.2860785506 20201.2860785506 20201.2860785506 20201.2860785506
20713.501323185 20713.501323185 20713.501323185 20713.501323185
20248.920080117 20248.920080117 20248.920080117 20248.920080117
21290.0290235944 21290.0290235944 21290.0290235944 21290.0290235944
21609.1742045702 21609.1742045702 21609.1742045702 21609.1742045702
21496.8812728759 21496.8812728759 21496.8812728759 21496.8812728759
20572.14426915 20572.14426915 20572.14426915 20572.14426915
20260.5101942468 20260.5101942468 20260.5101942468 20260.5101942468
20171.0480551787 20171.0480551787 20171.0480551787 20171.0480551787
20507.9986678552 20507.9986678552 20507.9986678552 20507.9986678552
21660.9517894925 21660.9517894925 21660.9517894925 21660.9517894925
21383.9590552411 21383.9590552411 21383.9590552411 21383.9590552411
21841.6191928025 21841.6191928025 21841.6191928025 21841.6191928025
22383.8048143783 22383.8048143783 22383.8048143783 22383.8048143783
24027.5227502957 24027.5227502957 24027.5227502957 24027.5227502957
24277.2319732256 24277.2319732256 24277.2319732256 24277.2319732256
24710.59933506 24710.59933506 24710.59933506 24710.59933506
23685.6979968032 23685.6979968032 23685.6979968032 23685.6979968032
23686.106004162 23686.106004162 23686.106004162 23686.106004162
23790.643043204 23790.643043204 23790.643043204 23790.643043204
24568.0955189686 24568.0955189686 24568.0955189686 24568.0955189686
24002.1807678958 24002.1807678958 24002.1807678958 24002.1807678958
24690.1926984213 24690.1926984213 24690.1926984213 24690.1926984213
24622.846490384 24622.846490384 24622.846490384 24622.846490384
22757.4740371969 22757.4740371969 22757.4740371969 22757.4740371969
23874.5808702889 23874.5808702889 23874.5808702889 23874.5808702889
22991.5453975061 22991.5453975061 22991.5453975061 22991.5453975061
23537.0219113632 23537.0219113632 23537.0219113632 23537.0219113632
22960.354821728 22960.354821728 22960.354821728 22960.354821728
22659.8808381819 22659.8808381819 22659.8808381819 22659.8808381819
22146.8805631866 22146.8805631866 22146.8805631866 22146.8805631866
22352.528061711 22352.528061711 22352.528061711 22352.528061711
22940.4871370418 22940.4871370418 22940.4871370418 22940.4871370418
22798.6035622501 22798.6035622501 22798.6035622501 22798.6035622501
23148.2213051986 23148.2213051986 23148.2213051986 23148.2213051986
22780.857793761 22780.857793761 22780.857793761 22780.857793761
22884.9414440912 22884.9414440912 22884.9414440912 22884.9414440912
22972.7432795825 22972.7432795825 22972.7432795825 22972.7432795825
22809.5386249462 22809.5386249462 22809.5386249462 22809.5386249462
22318.010747951 22318.010747951 22318.010747951 22318.010747951
21616.3052687099 21616.3052687099 21616.3052687099 21616.3052687099
22060.0403576936 22060.0403576936 22060.0403576936 22060.0403576936
21750.7859570302 21750.7859570302 21750.7859570302 21750.7859570302
22771.8663641295 22771.8663641295 22771.8663641295 22771.8663641295
22633.5061969269 22633.5061969269 22633.5061969269 22633.5061969269
23149.9627130068 23149.9627130068 23149.9627130068 23149.9627130068
22513.0783423278 22513.0783423278 22513.0783423278 22513.0783423278
23158.286613788 23158.286613788 23158.286613788 23158.286613788
23325.343910369 23325.343910369 23325.343910369 23325.343910369
22556.5847201593 22556.5847201593 22556.5847201593 22556.5847201593
22273.6850939269 22273.6850939269 22273.6850939269 22273.6850939269
22792.7545851383 22792.7545851383 22792.7545851383 22792.7545851383
21669.8499375149 21669.8499375149 21669.8499375149 21669.8499375149
22329.3330386092 22329.3330386092 22329.3330386092 22329.3330386092
21659.713744651 21659.713744651 21659.713744651 21659.713744651
21387.9070097442 21387.9070097442 21387.9070097442 21387.9070097442
21292.8587209495 21292.8587209495 21292.8587209495 21292.8587209495
21890.6592310576 21890.6592310576 21890.6592310576 21890.6592310576
20797.3245641029 20797.3245641029 20797.3245641029 20797.3245641029
20740.4340806671 20740.4340806671 20740.4340806671 20740.4340806671
21346.6937822824 21346.6937822824 21346.6937822824 21346.6937822824
22314.5204839154 22314.5204839154 22314.5204839154 22314.5204839154
21411.1177885819 21411.1177885819 21411.1177885819 21411.1177885819
21397.5769111743 21397.5769111743 21397.5769111743 21397.5769111743
20736.7562295304 20736.7562295304 20736.7562295304 20736.7562295304
21386.7957162574 21386.7957162574 21386.7957162574 21386.7957162574
21661.7761009506 21661.7761009506 21661.7761009506 21661.7761009506
22097.9320786783 22097.9320786783 22097.9320786783 22097.9320786783
22563.5874044317 22563.5874044317 22563.5874044317 22563.5874044317
22646.973399881 22646.973399881 22646.973399881 22646.973399881
21593.5902185477 21593.5902185477 21593.5902185477 21593.5902185477
21850.0530266993 21850.0530266993 21850.0530266993 21850.0530266993
21512.0847543918 21512.0847543918 21512.0847543918 21512.0847543918
21142.2237235891 21142.2237235891 21142.2237235891 21142.2237235891
20549.0913553407 20549.0913553407 20549.0913553407 20549.0913553407
19609.8837951379 19609.8837951379 19609.8837951379 19609.8837951379
19369.3998961703 19369.3998961703 19369.3998961703 19369.3998961703
19282.398162549 19282.398162549 19282.398162549 19282.398162549
19704.2841304871 19704.2841304871 19704.2841304871 19704.2841304871
20500.6083815179 20500.6083815179 20500.6083815179 20500.6083815179
20444.2110134484 20444.2110134484 20444.2110134484 20444.2110134484
19835.0609169449 19835.0609169449 19835.0609169449 19835.0609169449
19818.5752702717 19818.5752702717 19818.5752702717 19818.5752702717
20816.5497754735 20816.5497754735 20816.5497754735 20816.5497754735
21824.6864424391 21824.6864424391 21824.6864424391 21824.6864424391
21592.9505433581 21592.9505433581 21592.9505433581 21592.9505433581
21599.3981735578 21599.3981735578 21599.3981735578 21599.3981735578
21269.0540346637 21269.0540346637 21269.0540346637 21269.0540346637
21152.4268053236 21152.4268053236 21152.4268053236 21152.4268053236
21142.854625637 21142.854625637 21142.854625637 21142.854625637
21656.5763417815 21656.5763417815 21656.5763417815 21656.5763417815
21480.4588734956 21480.4588734956 21480.4588734956 21480.4588734956
22318.0429573519 22318.0429573519 22318.0429573519 22318.0429573519
21502.1112613205 21502.1112613205 21502.1112613205 21502.1112613205
22034.7939720229 22034.7939720229 22034.7939720229 22034.7939720229
21893.9767544169 21893.9767544169 21893.9767544169 21893.9767544169
22592.976245565 22592.976245565 22592.976245565 22592.976245565
24418.7049884923 24418.7049884923 24418.7049884923 24418.7049884923
23786.6103482916 23786.6103482916 23786.6103482916 23786.6103482916
23459.3433934598 23459.3433934598 23459.3433934598 23459.3433934598
24091.6055194764 24091.6055194764 24091.6055194764 24091.6055194764
23785.0040987511 23785.0040987511 23785.0040987511 23785.0040987511
24690.3918510455 24690.3918510455 24690.3918510455 24690.3918510455
25097.0272344763 25097.0272344763 25097.0272344763 25097.0272344763
24680.9363191093 24680.9363191093 24680.9363191093 24680.9363191093
25242.9450315528 25242.9450315528 25242.9450315528 25242.9450315528
25872.7649970321 25872.7649970321 25872.7649970321 25872.7649970321
25347.505655868 25347.505655868 25347.505655868 25347.505655868
25518.5449391054 25518.5449391054 25518.5449391054 25518.5449391054
25760.8704953125 25760.8704953125 25760.8704953125 25760.8704953125
25774.8051016763 25774.8051016763 25774.8051016763 25774.8051016763
26164.9170078658 26164.9170078658 26164.9170078658 26164.9170078658
24558.9416383858 24558.9416383858 24558.9416383858 24558.9416383858
24777.7889440901 24777.7889440901 24777.7889440901 24777.7889440901
25295.3701344228 25295.3701344228 25295.3701344228 25295.3701344228
24819.2294342772 24819.2294342772 24819.2294342772 24819.2294342772
25197.5399591974 25197.5399591974 25197.5399591974 25197.5399591974
24982.1872416692 24982.1872416692 24982.1872416692 24982.1872416692
24299.133239797 24299.133239797 24299.133239797 24299.133239797
24237.7964920527 24237.7964920527 24237.7964920527 24237.7964920527
23964.0048550711 23964.0048550711 23964.0048550711 23964.0048550711
24264.8360775125 24264.8360775125 24264.8360775125 24264.8360775125
23692.5313500691 23692.5313500691 23692.5313500691 23692.5313500691
23399.4808326359 23399.4808326359 23399.4808326359 23399.4808326359
22598.3356674337 22598.3356674337 22598.3356674337 22598.3356674337
21647.9565921835 21647.9565921835 21647.9565921835 21647.9565921835
21143.3704679646 21143.3704679646 21143.3704679646 21143.3704679646
21990.2692902777 21990.2692902777 21990.2692902777 21990.2692902777
23105.3801295185 23105.3801295185 23105.3801295185 23105.3801295185
22849.0236177131 22849.0236177131 22849.0236177131 22849.0236177131
22440.77862742 22440.77862742 22440.77862742 22440.77862742
23429.0847623787 23429.0847623787 23429.0847623787 23429.0847623787
23390.1517718452 23390.1517718452 23390.1517718452 23390.1517718452
23188.5470892661 23188.5470892661 23188.5470892661 23188.5470892661
23782.3273396123 23782.3273396123 23782.3273396123 23782.3273396123
24482.7514613835 24482.7514613835 24482.7514613835 24482.7514613835
25684.4947200762 25684.4947200762 25684.4947200762 25684.4947200762
26118.4840679207 26118.4840679207 26118.4840679207 26118.4840679207
25741.7561395072 25741.7561395072 25741.7561395072 25741.7561395072
26211.3420853676 26211.3420853676 26211.3420853676 26211.3420853676
25976.7462625348 25976.7462625348 25976.7462625348 25976.7462625348
26626.4002601825 26626.4002601825 26626.4002601825 26626.4002601825
26696.7756555908 26696.7756555908 26696.7756555908 26696.7756555908
27223.4313750233 27223.4313750233 27223.4313750233 27223.4313750233
26830.1238209765 26830.1238209765 26830.1238209765 26830.1238209765
26752.1244620299 26752.1244620299 26752.1244620299 26752.1244620299
26323.0377642401 26323.0377642401 26323.0377642401 26323.0377642401
25627.7797606063 25627.7797606063 25627.7797606063 25627.7797606063
25645.6626503431 25645.6626503431 25645.6626503431 25645.6626503431
26255.6668871387 26255.6668871387 26255.6668871387 26255.6668871387
25383.1148538888 25383.1148538888 25383.1148538888 25383.1148538888
23784.0207618007 23784.0207618007 23784.0207618007 23784.0207618007
23461.7210013815 23461.7210013815 23461.7210013815 23461.7210013815
23441.0290708283 23441.0290708283 23441.0290708283 23441.0290708283
22994.3788424617 22994.3788424617 22994.3788424617 22994.3788424617
23167.0040602235 23167.0040602235 23167.0040602235 23167.0040602235
22814.4665239003 22814.4665239003 22814.4665239003 22814.4665239003
22041.8777461082 22041.8777461082 22041.8777461082 22041.8777461082
21856.263593041 21856.263593041 21856.263593041 21856.263593041
21493.8765961447 21493.8765961447 21493.8765961447 21493.8765961447
22831.8012507597 22831.8012507597 22831.8012507597 22831.8012507597
22294.9769022974 22294.9769022974 22294.9769022974 22294.9769022974
21357.7617419428 21357.7617419428 21357.7617419428 21357.7617419428
21974.8898785332 21974.8898785332 21974.8898785332 21974.8898785332
21493.4075988198 21493.4075988198 21493.4075988198 21493.4075988198
21588.8689752667 21588.8689752667 21588.8689752667 21588.8689752667
21592.8011627825 21592.8011627825 21592.8011627825 21592.8011627825
21482.1205898442 21482.1205898442 21482.1205898442 21482.1205898442
21093.1813002271 21093.1813002271 21093.1813002271 21093.1813002271
21032.7627436866 21032.7627436866 21032.7627436866 21032.7627436866
20779.290902601 20779.290902601 20779.290902601 20779.290902601
20682.6362858893 20682.6362858893 20682.6362858893 20682.6362858893
20419.6403662263 20419.6403662263 20419.6403662263 20419.6403662263
19801.5620670314 19801.5620670314 19801.5620670314 19801.5620670314
20299.4252515545 20299.4252515545 20299.4252515545 20299.4252515545
19663.5737077903 19663.5737077903 19663.5737077903 19663.5737077903
18446.3629966218 18446.3629966218 18446.3629966218 18446.3629966218
18708.3498535112 18708.3498535112 18708.3498535112 18708.3498535112
18693.3971585461 18693.3971585461 18693.3971585461 18693.3971585461
18880.5993008655 18880.5993008655 18880.5993008655 18880.5993008655
19881.9514772508 19881.9514772508 19881.9514772508 19881.9514772508
20498.4701936775 20498.4701936775 20498.4701936775 20498.4701936775
20705.2079172584 20705.2079172584 20705.2079172584 20705.2079172584
19492.2253146341 19492.2253146341 19492.2253146341 19492.2253146341
20285.7125084158 20285.7125084158 20285.7125084158 20285.7125084158
20828.5770012965 20828.5770012965 20828.5770012965 20828.5770012965
20108.7274339021 20108.7274339021 20108.7274339021 20108.7274339021
20426.0362279124 20426.0362279124 20426.0362279124 20426.0362279124
20076.2767772435 20076.2767772435 20076.2767772435 20076.2767772435
19325.2644702595 19325.2644702595 19325.2644702595 19325.2644702595
18441.701343643 18441.701343643 18441.701343643 18441.701343643
18529.002441939 18529.002441939 18529.002441939 18529.002441939
17492.3424029647 17492.3424029647 17492.3424029647 17492.3424029647
17778.1596854871 17778.1596854871 17778.1596854871 17778.1596854871
18054.4896930934 18054.4896930934 18054.4896930934 18054.4896930934
17765.5108766898 17765.5108766898 17765.5108766898 17765.5108766898
16817.8788337655 16817.8788337655 16817.8788337655 16817.8788337655
16955.8481170591 16955.8481170591 16955.8481170591 16955.8481170591
16146.2454150645 16146.2454150645 16146.2454150645 16146.2454150645
15963.2406142757 15963.2406142757 15963.2406142757 15963.2406142757
16408.082906934 16408.082906934 16408.082906934 16408.082906934
15927.7296079528 15927.7296079528 15927.7296079528 15927.7296079528
15324.00489677 15324.00489677 15324.00489677 15324.00489677
14651.6876492976 14651.6876492976 14651.6876492976 14651.6876492976
13554.5693872131 13554.5693872131 13554.5693872131 13554.5693872131
12203.7838169957 12203.7838169957 12203.7838169957 12203.7838169957
12563.4134233252 12563.4134233252 12563.4134233252 12563.4134233252
12980.2199912209 12980.2199912209 12980.2199912209 12980.2199912209
12202.6845471444 12202.6845471444 12202.6845471444 12202.6845471444
12563.5317217666 12563.5317217666 12563.5317217666 12563.5317217666
12967.7700692946 12967.7700692946 12967.7700692946 12967.7700692946
14256.7300571337 14256.7300571337 14256.7300571337 14256.7300571337
13774.4387125233 13774.4387125233 13774.4387125233 13774.4387125233
13617.9867131345 13617.9867131345 13617.9867131345 13617.9867131345
15811.4509406015 15811.4509406015 15811.4509406015 15811.4509406015
14992.6645297901 14992.6645297901 14992.6645297901 14992.6645297901
15343.5451750595 15343.5451750595 15343.5451750595 15343.5451750595
15962.6669582406 15962.6669582406 15962.6669582406 15962.6669582406
16822.7170275922 16822.7170275922 16822.7170275922 16822.7170275922
16691.6826649412 16691.6826649412 16691.6826649412 16691.6826649412
16829.1171492034 16829.1171492034 16829.1171492034 16829.1171492034
17764.5388059266 17764.5388059266 17764.5388059266 17764.5388059266
18066.909614435 18066.909614435 18066.909614435 18066.909614435
18646.1649694173 18646.1649694173 18646.1649694173 18646.1649694173
19040.562955201 19040.562955201 19040.562955201 19040.562955201
18484.6589438621 18484.6589438621 18484.6589438621 18484.6589438621
18312.1905289638 18312.1905289638 18312.1905289638 18312.1905289638
18775.7355087125 18775.7355087125 18775.7355087125 18775.7355087125
19058.2422768255 19058.2422768255 19058.2422768255 19058.2422768255
18695.3600510157 18695.3600510157 18695.3600510157 18695.3600510157
18799.5768254502 18799.5768254502 18799.5768254502 18799.5768254502
18423.3201817735 18423.3201817735 18423.3201817735 18423.3201817735
17468.1907566312 17468.1907566312 17468.1907566312 17468.1907566312
18018.6685203865 18018.6685203865 18018.6685203865 18018.6685203865
18001.7690975192 18001.7690975192 18001.7690975192 18001.7690975192
18085.9185590286 18085.9185590286 18085.9185590286 18085.9185590286
17246.0035431103 17246.0035431103 17246.0035431103 17246.0035431103
18192.8618812239 18192.8618812239 18192.8618812239 18192.8618812239
18367.0375756368 18367.0375756368 18367.0375756368 18367.0375756368
17509.3364580897 17509.3364580897 17509.3364580897 17509.3364580897
17847.8072337021 17847.8072337021 17847.8072337021 17847.8072337021
18632.60794243 18632.60794243 18632.60794243 18632.60794243
18656.7334799339 18656.7334799339 18656.7334799339 18656.7334799339
18893.4256095007 18893.4256095007 18893.4256095007 18893.4256095007
18851.1527463111 18851.1527463111 18851.1527463111 18851.1527463111
18306.8897770101 18306.8897770101 18306.8897770101 18306.8897770101
18713.8868347714 18713.8868347714 18713.8868347714 18713.8868347714
19094.3025883339 19094.3025883339 19094.3025883339 19094.3025883339
19114.4576522227 19114.4576522227 19114.4576522227 19114.4576522227
19768.0222063399 19768.0222063399 19768.0222063399 19768.0222063399
19458.6770834495 19458.6770834495 19458.6770834495 19458.6770834495
19164.4735586382 19164.4735586382 19164.4735586382 19164.4735586382
18316.0976713687 18316.0976713687 18316.0976713687 18316.0976713687
17553.7500007141 17553.7500007141 17553.7500007141 17553.7500007141
17548.5287381199 17548.5287381199 17548.5287381199 17548.5287381199
17686.6447572768 17686.6447572768 17686.6447572768 17686.6447572768
18470.4197748698 18470.4197748698 18470.4197748698 18470.4197748698
18364.5552295024 18364.5552295024 18364.5552295024 18364.5552295024
18134.9405635372 18134.9405635372 18134.9405635372 18134.9405635372
17940.7902390675 17940.7902390675 17940.7902390675 17940.7902390675
18589.4532165474 18589.4532165474 18589.4532165474 18589.4532165474
18849.723752424 18849.723752424 18849.723752424 18849.723752424
19847.1567705953 19847.1567705953 19847.1567705953 19847.1567705953
19533.5976051752 19533.5976051752 19533.5976051752 19533.5976051752
19465.3541770457 19465.3541770457 19465.3541770457 19465.3541770457
20377.6296503183 20377.6296503183 20377.6296503183 20377.6296503183
21602.5403589677 21602.5403589677 21602.5403589677 21602.5403589677
21305.825771783 21305.825771783 21305.825771783 21305.825771783
21806.5888537479 21806.5888537479 21806.5888537479 21806.5888537479
22469.6832665247 22469.6832665247 22469.6832665247 22469.6832665247
23311.2486059096 23311.2486059096 23311.2486059096 23311.2486059096
23194.1690085882 23194.1690085882 23194.1690085882 23194.1690085882
22464.8605297112 22464.8605297112 22464.8605297112 22464.8605297112
22559.0902251956 22559.0902251956 22559.0902251956 22559.0902251956
23169.8506458036 23169.8506458036 23169.8506458036 23169.8506458036
23400.2872874762 23400.2872874762 23400.2872874762 23400.2872874762
23743.952478703 23743.952478703 23743.952478703 23743.952478703
24051.7334225679 24051.7334225679 24051.7334225679 24051.7334225679
24377.0365349986 24377.0365349986 24377.0365349986 24377.0365349986
24558.925349009 24558.925349009 24558.925349009 24558.925349009
23452.2672637358 23452.2672637358 23452.2672637358 23452.2672637358
22981.3245681619 22981.3245681619 22981.3245681619 22981.3245681619
23514.3449426361 23514.3449426361 23514.3449426361 23514.3449426361
23936.9617914583 23936.9617914583 23936.9617914583 23936.9617914583
23843.6954912388 23843.6954912388 23843.6954912388 23843.6954912388
24959.5512389584 24959.5512389584 24959.5512389584 24959.5512389584
23600.4277071588 23600.4277071588 23600.4277071588 23600.4277071588
23626.9265770122 23626.9265770122 23626.9265770122 23626.9265770122
23776.8352330075 23776.8352330075 23776.8352330075 23776.8352330075
24331.5868271616 24331.5868271616 24331.5868271616 24331.5868271616
24559.4920138813 24559.4920138813 24559.4920138813 24559.4920138813
25345.4996322189 25345.4996322189 25345.4996322189 25345.4996322189
26284.2729541015 26284.2729541015 26284.2729541015 26284.2729541015
26371.9519689783 26371.9519689783 26371.9519689783 26371.9519689783
26863.8664488521 26863.8664488521 26863.8664488521 26863.8664488521
26275.273363672 26275.273363672 26275.273363672 26275.273363672
26256.1239082278 26256.1239082278 26256.1239082278 26256.1239082278
26567.8027708527 26567.8027708527 26567.8027708527 26567.8027708527
25921.7591782178 25921.7591782178 25921.7591782178 25921.7591782178
25473.5818347631 25473.5818347631 25473.5818347631 25473.5818347631
25866.827043571 25866.827043571 25866.827043571 25866.827043571
25376.6613668541 25376.6613668541 25376.6613668541 25376.6613668541
25575.1211209892 25575.1211209892 25575.1211209892 25575.1211209892
26101.0816094511 26101.0816094511 26101.0816094511 26101.0816094511
27497.8301073652 27497.8301073652 27497.8301073652 27497.8301073652
27687.3194656982 27687.3194656982 27687.3194656982 27687.3194656982
27453.4314612197 27453.4314612197 27453.4314612197 27453.4314612197
28251.1168494874 28251.1168494874 28251.1168494874 28251.1168494874
27852.7110189293 27852.7110189293 27852.7110189293 27852.7110189293
27381.0824886559 27381.0824886559 27381.0824886559 27381.0824886559
26980.9610651058 26980.9610651058 26980.9610651058 26980.9610651058
25798.7419665873 25798.7419665873 25798.7419665873 25798.7419665873
26654.6965029979 26654.6965029979 26654.6965029979 26654.6965029979
26044.6587444988 26044.6587444988 26044.6587444988 26044.6587444988
27426.5179554952 27426.5179554952 27426.5179554952 27426.5179554952
28123.2916754338 28123.2916754338 28123.2916754338 28123.2916754338
28676.6053426538 28676.6053426538 28676.6053426538 28676.6053426538
29235.5891285609 29235.5891285609 29235.5891285609 29235.5891285609
30202.9822993953 30202.9822993953 30202.9822993953 30202.9822993953
29971.5068914429 29971.5068914429 29971.5068914429 29971.5068914429
29203.5796299773 29203.5796299773 29203.5796299773 29203.5796299773
28827.640237764 28827.640237764 28827.640237764 28827.640237764
28226.4309680214 28226.4309680214 28226.4309680214 28226.4309680214
26884.1197596502 26884.1197596502 26884.1197596502 26884.1197596502
26267.9438662116 26267.9438662116 26267.9438662116 26267.9438662116
25266.1778656213 25266.1778656213 25266.1778656213 25266.1778656213
25231.734950626 25231.734950626 25231.734950626 25231.734950626
25516.3387318121 25516.3387318121 25516.3387318121 25516.3387318121
24120.8136471865 24120.8136471865 24120.8136471865 24120.8136471865
22961.8356039535 22961.8356039535 22961.8356039535 22961.8356039535
22928.5858083012 22928.5858083012 22928.5858083012 22928.5858083012
23411.1703465364 23411.1703465364 23411.1703465364 23411.1703465364
22829.6437351039 22829.6437351039 22829.6437351039 22829.6437351039
23064.9445122014 23064.9445122014 23064.9445122014 23064.9445122014
22619.4379821808 22619.4379821808 22619.4379821808 22619.4379821808
22337.2428247137 22337.2428247137 22337.2428247137 22337.2428247137
21835.6412717609 21835.6412717609 21835.6412717609 21835.6412717609
21526.1634326036 21526.1634326036 21526.1634326036 21526.1634326036
21030.0931990958 21030.0931990958 21030.0931990958 21030.0931990958
21326.8224171816 21326.8224171816 21326.8224171816 21326.8224171816
21305.8335431466 21305.8335431466 21305.8335431466 21305.8335431466
22246.2956861444 22246.2956861444 22246.2956861444 22246.2956861444
22492.2367947375 22492.2367947375 22492.2367947375 22492.2367947375
21284.3196006672 21284.3196006672 21284.3196006672 21284.3196006672
20274.9863015243 20274.9863015243 20274.9863015243 20274.9863015243
20452.503976026 20452.503976026 20452.503976026 20452.503976026
20261.8620274745 20261.8620274745 20261.8620274745 20261.8620274745
20797.0473174622 20797.0473174622 20797.0473174622 20797.0473174622
20032.9514543107 20032.9514543107 20032.9514543107 20032.9514543107
20211.6287582874 20211.6287582874 20211.6287582874 20211.6287582874
21156.1124637503 21156.1124637503 21156.1124637503 21156.1124637503
20800.1086449459 20800.1086449459 20800.1086449459 20800.1086449459
20077.5522406709 20077.5522406709 20077.5522406709 20077.5522406709
20184.3326864085 20184.3326864085 20184.3326864085 20184.3326864085
20500.9573598945 20500.9573598945 20500.9573598945 20500.9573598945
20161.349846034 20161.349846034 20161.349846034 20161.349846034
20304.0194568896 20304.0194568896 20304.0194568896 20304.0194568896
20391.6515621447 20391.6515621447 20391.6515621447 20391.6515621447
19865.2543917645 19865.2543917645 19865.2543917645 19865.2543917645
21244.2306593231 21244.2306593231 21244.2306593231 21244.2306593231
21405.2753291291 21405.2753291291 21405.2753291291 21405.2753291291
21561.6269867747 21561.6269867747 21561.6269867747 21561.6269867747
20315.0331543241 20315.0331543241 20315.0331543241 20315.0331543241
20944.6956921582 20944.6956921582 20944.6956921582 20944.6956921582
20379.7956613264 20379.7956613264 20379.7956613264 20379.7956613264
20444.0762691017 20444.0762691017 20444.0762691017 20444.0762691017
19843.4375792109 19843.4375792109 19843.4375792109 19843.4375792109
18971.2890718432 18971.2890718432 18971.2890718432 18971.2890718432
18773.5842921806 18773.5842921806 18773.5842921806 18773.5842921806
18922.0917001453 18922.0917001453 18922.0917001453 18922.0917001453
18294.6493374595 18294.6493374595 18294.6493374595 18294.6493374595
17852.3218779856 17852.3218779856 17852.3218779856 17852.3218779856
18191.5063650569 18191.5063650569 18191.5063650569 18191.5063650569
18625.0269551308 18625.0269551308 18625.0269551308 18625.0269551308
19569.9109831804 19569.9109831804 19569.9109831804 19569.9109831804
19511.810977826 19511.810977826 19511.810977826 19511.810977826
21055.0943162092 21055.0943162092 21055.0943162092 21055.0943162092
20850.3628237026 20850.3628237026 20850.3628237026 20850.3628237026
21091.2774165366 21091.2774165366 21091.2774165366 21091.2774165366
19431.4847825715 19431.4847825715 19431.4847825715 19431.4847825715
18426.488673511 18426.488673511 18426.488673511 18426.488673511
19350.4500049839 19350.4500049839 19350.4500049839 19350.4500049839
20258.646509374 20258.646509374 20258.646509374 20258.646509374
19287.2403748039 19287.2403748039 19287.2403748039 19287.2403748039
19114.4666896731 19114.4666896731 19114.4666896731 19114.4666896731
19388.4621351084 19388.4621351084 19388.4621351084 19388.4621351084
19562.8403955968 19562.8403955968 19562.8403955968 19562.8403955968
20098.9150450174 20098.9150450174 20098.9150450174 20098.9150450174
20427.6599549288 20427.6599549288 20427.6599549288 20427.6599549288
19027.870417718 19027.870417718 19027.870417718 19027.870417718
19630.4618578744 19630.4618578744 19630.4618578744 19630.4618578744
19785.2976939548 19785.2976939548 19785.2976939548 19785.2976939548
18962.2420587085 18962.2420587085 18962.2420587085 18962.2420587085
18102.0190147219 18102.0190147219 18102.0190147219 18102.0190147219
17225.7234310311 17225.7234310311 17225.7234310311 17225.7234310311
17922.3740693954 17922.3740693954 17922.3740693954 17922.3740693954
18359.1702290641 18359.1702290641 18359.1702290641 18359.1702290641
18480.0461211862 18480.0461211862 18480.0461211862 18480.0461211862
18327.6576850474 18327.6576850474 18327.6576850474 18327.6576850474
17516.1135122126 17516.1135122126 17516.1135122126 17516.1135122126
17851.8847956113 17851.8847956113 17851.8847956113 17851.8847956113
18348.9726838998 18348.9726838998 18348.9726838998 18348.9726838998
18808.8159772001 18808.8159772001 18808.8159772001 18808.8159772001
18338.0221129412 18338.0221129412 18338.0221129412 18338.0221129412
18572.8745391671 18572.8745391671 18572.8745391671 18572.8745391671
19590.2514200765 19590.2514200765 19590.2514200765 19590.2514200765
19131.8273717969 19131.8273717969 19131.8273717969 19131.8273717969
19392.105609528 19392.105609528 19392.105609528 19392.105609528
19670.9724480781 19670.9724480781 19670.9724480781 19670.9724480781
19650.5994052135 19650.5994052135 19650.5994052135 19650.5994052135
20216.1614845417 20216.1614845417 20216.1614845417 20216.1614845417
20543.3155677589 20543.3155677589 20543.3155677589 20543.3155677589
20987.3162724912 20987.3162724912 20987.3162724912 20987.3162724912
21812.6139896789 21812.6139896789 21812.6139896789 21812.6139896789
22538.5754597344 22538.5754597344 22538.5754597344 22538.5754597344
21888.6074022115 21888.6074022115 21888.6074022115 21888.6074022115
22260.0107136941 22260.0107136941 22260.0107136941 22260.0107136941
21822.129015696 21822.129015696 21822.129015696 21822.129015696
21135.1321185203 21135.1321185203 21135.1321185203 21135.1321185203
20744.198355325 20744.198355325 20744.198355325 20744.198355325
20050.2793848416 20050.2793848416 20050.2793848416 20050.2793848416
19880.0792199118 19880.0792199118 19880.0792199118 19880.0792199118
19326.00247777 19326.00247777 19326.00247777 19326.00247777
19992.9978038662 19992.9978038662 19992.9978038662 19992.9978038662
20926.0026322637 20926.0026322637 20926.0026322637 20926.0026322637
20918.9806837832 20918.9806837832 20918.9806837832 20918.9806837832
21085.9971304007 21085.9971304007 21085.9971304007 21085.9971304007
21337.0546043925 21337.0546043925 21337.0546043925 21337.0546043925
20349.5299195552 20349.5299195552 20349.5299195552 20349.5299195552
20882.3754787381 20882.3754787381 20882.3754787381 20882.3754787381
20943.8197420876 20943.8197420876 20943.8197420876 20943.8197420876
21154.5072669474 21154.5072669474 21154.5072669474 21154.5072669474
21494.3362507092 21494.3362507092 21494.3362507092 21494.3362507092
21271.0167762902 21271.0167762902 21271.0167762902 21271.0167762902
20994.3405635443 20994.3405635443 20994.3405635443 20994.3405635443
20502.6650666403 20502.6650666403 20502.6650666403 20502.6650666403
20372.196554206 20372.196554206 20372.196554206 20372.196554206
19597.6430225147 19597.6430225147 19597.6430225147 19597.6430225147
19438.5517178389 19438.5517178389 19438.5517178389 19438.5517178389
19336.3097808198 19336.3097808198 19336.3097808198 19336.3097808198
18526.3297025603 18526.3297025603 18526.3297025603 18526.3297025603
19240.4991251874 19240.4991251874 19240.4991251874 19240.4991251874
18545.7681856202 18545.7681856202 18545.7681856202 18545.7681856202
18025.4602826608 18025.4602826608 18025.4602826608 18025.4602826608
17585.3250349978 17585.3250349978 17585.3250349978 17585.3250349978
17179.6794668248 17179.6794668248 17179.6794668248 17179.6794668248
17189.1241174113 17189.1241174113 17189.1241174113 17189.1241174113
16393.801546811 16393.801546811 16393.801546811 16393.801546811
15887.7854337959 15887.7854337959 15887.7854337959 15887.7854337959
15808.721548511 15808.721548511 15808.721548511 15808.721548511
15088.7307530074 15088.7307530074 15088.7307530074 15088.7307530074
15113.6217799168 15113.6217799168 15113.6217799168 15113.6217799168
14683.3005968258 14683.3005968258 14683.3005968258 14683.3005968258
15574.7487545162 15574.7487545162 15574.7487545162 15574.7487545162
13847.7381476336 13847.7381476336 13847.7381476336 13847.7381476336
14664.0990642412 14664.0990642412 14664.0990642412 14664.0990642412
13884.3851750615 13884.3851750615 13884.3851750615 13884.3851750615
12484.0362771875 12484.0362771875 12484.0362771875 12484.0362771875
12996.8914053696 12996.8914053696 12996.8914053696 12996.8914053696
12346.6359105771 12346.6359105771 12346.6359105771 12346.6359105771
12492.4914021454 12492.4914021454 12492.4914021454 12492.4914021454
11579.6239033806 11579.6239033806 11579.6239033806 11579.6239033806
12443.4007593207 12443.4007593207 12443.4007593207 12443.4007593207
13180.7782464369 13180.7782464369 13180.7782464369 13180.7782464369
13876.6844774436 13876.6844774436 13876.6844774436 13876.6844774436
13194.055263172 13194.055263172 13194.055263172 13194.055263172
13279.5816391085 13279.5816391085 13279.5816391085 13279.5816391085
13084.0626691505 13084.0626691505 13084.0626691505 13084.0626691505
12248.3766569026 12248.3766569026 12248.3766569026 12248.3766569026
12811.570958791 12811.570958791 12811.570958791 12811.570958791
11883.1167982602 11883.1167982602 11883.1167982602 11883.1167982602
11256.2312499593 11256.2312499593 11256.2312499593 11256.2312499593
10403.619242743 10403.619242743 10403.619242743 10403.619242743
10277.2032554869 10277.2032554869 10277.2032554869 10277.2032554869
10493.1886127326 10493.1886127326 10493.1886127326 10493.1886127326
10947.0566944716 10947.0566944716 10947.0566944716 10947.0566944716
10797.1127330533 10797.1127330533 10797.1127330533 10797.1127330533
10160.8194101099 10160.8194101099 10160.8194101099 10160.8194101099
11359.4102910936 11359.4102910936 11359.4102910936 11359.4102910936
12068.3783522949 12068.3783522949 12068.3783522949 12068.3783522949
12295.3826893114 12295.3826893114 12295.3826893114 12295.3826893114
13164.2824735384 13164.2824735384 13164.2824735384 13164.2824735384
12296.4000302416 12296.4000302416 12296.4000302416 12296.4000302416
11839.4736028611 11839.4736028611 11839.4736028611 11839.4736028611
11271.7964202348 11271.7964202348 11271.7964202348 11271.7964202348
10316.5678152285 10316.5678152285 10316.5678152285 10316.5678152285
11064.690230348 11064.690230348 11064.690230348 11064.690230348
10847.5204750467 10847.5204750467 10847.5204750467 10847.5204750467
10928.8147997267 10928.8147997267 10928.8147997267 10928.8147997267
10271.0907794417 10271.0907794417 10271.0907794417 10271.0907794417
10457.8182498302 10457.8182498302 10457.8182498302 10457.8182498302
11593.1554041361 11593.1554041361 11593.1554041361 11593.1554041361
10469.891296201 10469.891296201 10469.891296201 10469.891296201
10551.7693107363 10551.7693107363 10551.7693107363 10551.7693107363
10444.1276156388 10444.1276156388 10444.1276156388 10444.1276156388
9906.40057901757 9906.40057901757 9906.40057901757 9906.40057901757
9780.42313232841 9780.42313232841 9780.42313232841 9780.42313232841
10365.6441356328 10365.6441356328 10365.6441356328 10365.6441356328
10902.655299208 10902.655299208 10902.655299208 10902.655299208
10533.0152509229 10533.0152509229 10533.0152509229 10533.0152509229
10672.6011534728 10672.6011534728 10672.6011534728 10672.6011534728
10442.3431805511 10442.3431805511 10442.3431805511 10442.3431805511
10369.434698123 10369.434698123 10369.434698123 10369.434698123
10775.5314519351 10775.5314519351 10775.5314519351 10775.5314519351
9256.60755852224 9256.60755852224 9256.60755852224 9256.60755852224
9496.5003389676 9496.5003389676 9496.5003389676 9496.5003389676
9363.27996864463 9363.27996864463 9363.27996864463 9363.27996864463
9310.05648127911 9310.05648127911 9310.05648127911 9310.05648127911
10047.2025229855 10047.2025229855 10047.2025229855 10047.2025229855
10030.3525665411 10030.3525665411 10030.3525665411 10030.3525665411
9908.04239086914 9908.04239086914 9908.04239086914 9908.04239086914
10048.159373948 10048.159373948 10048.159373948 10048.159373948
10076.4961611592 10076.4961611592 10076.4961611592 10076.4961611592
9493.46559209315 9493.46559209315 9493.46559209315 9493.46559209315
10743.5821240124 10743.5821240124 10743.5821240124 10743.5821240124
10833.1631226649 10833.1631226649 10833.1631226649 10833.1631226649
10168.9519861613 10168.9519861613 10168.9519861613 10168.9519861613
9349.37077039418 9349.37077039418 9349.37077039418 9349.37077039418
8768.11814004188 8768.11814004188 8768.11814004188 8768.11814004188
9200.93566662138 9200.93566662138 9200.93566662138 9200.93566662138
9664.73575874848 9664.73575874848 9664.73575874848 9664.73575874848
11099.5093406667 11099.5093406667 11099.5093406667 11099.5093406667
11412.4695532888 11412.4695532888 11412.4695532888 11412.4695532888
10939.4475745371 10939.4475745371 10939.4475745371 10939.4475745371
10703.8522035214 10703.8522035214 10703.8522035214 10703.8522035214
10806.2892888572 10806.2892888572 10806.2892888572 10806.2892888572
