527.988970078845 4549.91197279355
527.988200766705 4549.91169755533
527.988797776412 4549.91138549335
527.988160698631 4549.91206269408
527.988620977724 4549.91131606675
527.988573521702 4549.91132684099
527.98853247032 4549.9112991428
527.988272170837 4549.91123669769
527.988805632503 4549.91154823962
527.988557986282 4549.91143662335
527.989054088874 4549.91113689622
527.988347843547 4549.91176134145
527.988427506172 4549.91206848728
483.213881480123 4553.57369701567
483.213880315546 4553.57397938746
483.213810093077 4553.57435102926
483.214045710619 4553.57442386929
483.21371116144 4553.57440276498
483.213516105458 4553.5742887653
483.213942799783 4553.5736231366
483.213274260739 4553.57423163743
483.213909267132 4553.57395511903
483.21394204529 4553.57441884654
483.213732164105 4553.57415413069
483.213250650377 4553.57448173012
483.213818209806 4553.57454480575
483.213981244479 4553.57431077783
483.213180017716 4553.57405656656
483.213442446812 4553.57399225235
483.214069470147 4553.57404090271
546.022012271835 4575.90331133314
546.021732919347 4575.90322764779
589.052944184026 4592.9592245742
589.052939241098 4592.95908291199
589.053338670764 4592.9592124573
589.052749068346 4592.95956851622
589.053375099826 4592.9591107248
589.053306051929 4592.95909114407
542.847279529197 4640.65666643015
542.847687847377 4640.65622298306
542.847753441614 4640.65660273164
542.847936409601 4640.65703171782
542.84742009859 4640.65651522715
542.848078085654 4640.65646172052
542.847970362975 4640.65682447027
542.848097608954 4640.65642537421
542.847761038968 4640.65703579009
-999 -999
-999 -999
-999 -999
-999 -999
-999 -999
-999 -999
-999 -999
-999 -999
-999 -999
-999 -999
-999 -999
-999 -999
-999 -999
-999 -999
-999 -999
-999 -999
-999 -999
-999 -999
-999 -999
-999 -999
-999 -999
-999 -999
-999 -999
-999 -999
-999 -999
-999 -999
-999 -999
-999 -999
-999 -999
-999 -999
-999 -999
-999 -999
-999 -999
-999 -999
-999 -999
-999 -999
-999 -999
-999 -999
-999 -999
-999 -999
-999 -999
-999 -999
-999 -999
-999 -999
-999 -999
-999 -999
-999 -999
