0.0210163731994029 0.0435715883238837 0.0284991903620781 0.0281046049222895 -999 -999 -999 -999 -999 -999
0.0178465050531578 0.0170719431728867 0.0881902710975592 0.0303836170761614 -999 -999 -999 -999 -999 -999
0.0863172777219219 0.0177292477935001 0.0295726248599112 0.0273792312464879 -999 -999 -999 -999 -999 -999
0.0188958097870082 0.0890677597782285 0.0837240868143846 0.028980695357243 -999 -999 -999 -999 -999 -999
0.0207735755867713 0.196802895608676 0.225934227080837 0.0640242227844129 -999 -999 -999 -999 -999 -999
0.288297368320324 0.0173881491236797 0.0330061066326506 0.115376995155761 -999 -999 -999 -999 -999 -999
0.0913699761726385 0.0178137232805099 0.0331588777005323 0.0807251138166726 -999 -999 -999 -999 -999 -999
0.0396155886215219 0.0193369642536337 0.0300861617475388 0.0269586048592309 -999 -999 -999 -999 -999 -999
0.0386055247435404 0.018904121365762 0.0300352659649133 0.024768725177386 -999 -999 -999 -999 -999 -999
0.0968544178687878 0.0574335688746074 0.0328685967905212 0.0270331910484506 -999 -999 -999 -999 -999 -999
0.0192969216979229 0.035903510246399 0.0298552173992028 0.0266336247048025 -999 -999 -999 -999 -999 -999
0.0189253667856231 0.112901910807626 0.0324046166857938 0.0258368532492586 -999 -999 -999 -999 -999 -999
0.0195785218682415 0.0722429863652885 0.0292664732517854 0.0282878085036937 -999 -999 -999 -999 -999 -999
0.0373790819746643 0.0187649050601909 0.028904178426002 0.0266079077203515 -999 -999 -999 -999 -999 -999
0.0205878078772863 0.0177929325262874 0.0327942036033311 0.0521494689541095 -999 -999 -999 -999 -999 -999
0.0191694439766607 0.0551140054023945 0.0323275967575972 0.0281126349176594 -999 -999 -999 -999 -999 -999
0.0195667141069174 0.052205143287043 0.0296363173896377 0.0292582146763182 -999 -999 -999 -999 -999 -999
0.0212141205807652 0.0579901594605911 0.0295014426325605 0.0537228455689529 -999 -999 -999 -999 -999 -999
0.0223753276916811 0.0173247021647935 0.0333286253449558 0.119081369956663 -999 -999 -999 -999 -999 -999
0.0214531136111239 0.0189745372691581 0.0313815223281939 0.0729049948807307 -999 -999 -999 -999 -999 -999
0.0608611627540387 0.0456652458348604 0.0755243971300132 0.0836692754233649 -999 -999 -999 -999 -999 -999
0.124611034282612 0.29971349364099 0.295551101568214 0.164717348839206 -999 -999 -999 -999 -999 -999
0.782873618543343 0.645859753876114 0.542326906282781 0.684379261795711 -999 -999 -999 -999 -999 -999
0.0925153471740455 0.0544267524828971 0.162121992149004 0.150903389365084 -999 -999 -999 -999 -999 -999
-999 -999 -999 -999 -999 -999 -999 -999 -999 -999
-999 -999 -999 -999 -999 -999 -999 -999 -999 -999
-999 -999 -999 -999 -999 -999 -999 -999 -999 -999
-999 -999 -999 -999 -999 -999 -999 -999 -999 -999
-999 -999 -999 -999 -999 -999 -999 -999 -999 -999
-999 -999 -999 -999 -999 -999 -999 -999 -999 -999
-999 -999 -999 -999 -999 -999 -999 -999 -999 -999
-999 -999 -999 -999 -999 -999 -999 -999 -999 -999
-999 -999 -999 -999 -999 -999 -999 -999 -999 -999
-999 -999 -999 -999 -999 -999 -999 -999 -999 -999
-999 -999 -999 -999 -999 -999 -999 -999 -999 -999
-999 -999 -999 -999 -999 -999 -999 -999 -999 -999
-999 -999 -999 -999 -999 -999 -999 -999 -999 -999
-999 -999 -999 -999 -999 -999 -999 -999 -999 -999
-999 -999 -999 -999 -999 -999 -999 -999 -999 -999
-999 -999 -999 -999 -999 -999 -999 -999 -999 -999
-999 -999 -999 -999 -999 -999 -999 -999 -999 -999
-999 -999 -999 -999 -999 -999 -999 -999 -999 -999
0.0266170994807506 0.0836161314302846 0.0546615565252168 0.0521753677886153 -999 -999 -999 -999 -999 -999
0.269095271649782 0.226289241414351 0.0559621546601393 0.135545355010824 -999 -999 -999 -999 -999 -999
0.374489828701948 0.298569587413079 0.612051988521718 0.498508556668778 -999 -999 -999 -999 -999 -999
0.219382671632808 0.0996010460236229 0.0559487375193078 0.122671632615478 -999 -999 -999 -999 -999 -999
0.0274076478324434 0.0494881776035013 0.05541636247017 0.0536403260258311 -999 -999 -999 -999 -999 -999
0.083007480702268 0.242435816115161 0.165959200303448 0.137458761890474 -999 -999 -999 -999 -999 -999
-999 -999 -999 -999 -999 -999 -999 -999 -999 -999
-999 -999 -999 -999 -999 -999 -999 -999 -999 -999
-999 -999 -999 -999 -999 -999 -999 -999 -999 -999
-999 -999 -999 -999 -999 -999 -999 -999 -999 -999
-999 -999 -999 -999 -999 -999 -999 -999 -999 -999
-999 -999 -999 -999 -999 -999 -999 -999 -999 -999
-999 -999 -999 -999 -999 -999 -999 -999 -999 -999
-999 -999 -999 -999 -999 -999 -999 -999 -999 -999
-999 -999 -999 -999 -999 -999 -999 -999 -999 -999
-999 -999 -999 -999 -999 -999 -999 -999 -999 -999
-999 -999 -999 -999 -999 -999 -999 -999 -999 -999
-999 -999 -999 -999 -999 -999 -999 -999 -999 -999
-999 -999 -999 -999 -999 -999 -999 -999 -999 -999
-999 -999 -999 -999 -999 -999 -999 -999 -999 -999
-999 -999 -999 -999 -999 -999 -999 -999 -999 -999
0.0248138935734326 0.365741928497864 0.0836363685237343 0.0704402224801987 -999 -999 -999 -999 -999 -999
0.0847471790270164 0.0662360570723782 0.0489995442213832 0.131861856523723 -999 -999 -999 -999 -999 -999
0.0266218992642687 0.0668888161427238 0.0460741973509994 0.112633533019537 -999 -999 -999 -999 -999 -999
0.0496393616330565 0.0674062966776716 0.206734269341086 0.0755731700085175 -999 -999 -999 -999 -999 -999
0.0230476164649887 0.045197142070576 0.0410533090512301 0.0391198822612368 -999 -999 -999 -999 -999 -999
0.0226358292675238 0.111091377995432 0.045004061400304 0.0421982543193785 -999 -999 -999 -999 -999 -999
0.0268932695450564 0.0214946760424745 0.0434064912011409 0.125303331354336 -999 -999 -999 -999 -999 -999
0.0246698834533438 0.0437023835462883 0.264874648080331 0.0747248674812498 -999 -999 -999 -999 -999 -999
0.549781440206409 0.156713816441569 0.130495016275692 0.20357362149152 -999 -999 -999 -999 -999 -999
0.0487746770692186 0.0232055309419069 0.0458377727175319 0.036530168865246 -999 -999 -999 -999 -999 -999
0.118374950495686 0.0323219745711162 0.0438843218365666 0.0880410921950578 -999 -999 -999 -999 -999 -999
-999 -999 -999 -999 -999 -999 -999 -999 -999 -999
-999 -999 -999 -999 -999 -999 -999 -999 -999 -999
-999 -999 -999 -999 -999 -999 -999 -999 -999 -999
-999 -999 -999 -999 -999 -999 -999 -999 -999 -999
-999 -999 -999 -999 -999 -999 -999 -999 -999 -999
-999 -999 -999 -999 -999 -999 -999 -999 -999 -999
-999 -999 -999 -999 -999 -999 -999 -999 -999 -999
-999 -999 -999 -999 -999 -999 -999 -999 -999 -999
-999 -999 -999 -999 -999 -999 -999 -999 -999 -999
-999 -999 -999 -999 -999 -999 -999 -999 -999 -999
0.0232412187285685 0.0194954638486451 0.038690526344646 0.0556723536238633 -999 -999 -999 -999 -999 -999
0.0208123302686212 0.0379827328424812 0.0325777291877123 0.03443879883337 -999 -999 -999 -999 -999 -999
0.0188174850842807 0.163733589222405 0.0336425535451326 0.0306657981120791 -999 -999 -999 -999 -999 -999
0.0223457007644976 0.0486924717192366 0.0345887882672778 0.0667537299765013 -999 -999 -999 -999 -999 -999
0.0219321294029132 0.0196215248806827 0.0359374054581394 0.0585597986144418 -999 -999 -999 -999 -999 -999
0.0231361788372845 0.0206238683589697 0.0378141954025097 0.084196595350387 -999 -999 -999 -999 -999 -999
0.399427636095295 0.101573660579295 0.0403154012060811 0.102038635251442 -999 -999 -999 -999 -999 -999
0.0203787803389641 0.219836808599126 0.0384720940824664 0.0327014203998334 -999 -999 -999 -999 -999 -999
0.153187063644187 0.0193540365485245 0.0410872209830161 0.186897554881551 -999 -999 -999 -999 -999 -999
0.0232682651733669 0.0182813947094609 0.078202127056221 0.0337591917249917 -999 -999 -999 -999 -999 -999
0.0451725690640114 0.0205310088192411 0.0351535734071714 0.0302170353391518 -999 -999 -999 -999 -999 -999
0.0215908832531088 0.0793487818609422 0.0344780444096303 0.0314742291298801 -999 -999 -999 -999 -999 -999
0.0205021520197878 0.0973860963983282 0.0349379806593785 0.0336002955571463 -999 -999 -999 -999 -999 -999
0.0209893618399236 0.0714432508373309 0.169496007103422 0.0642264967833498 -999 -999 -999 -999 -999 -999
0.0197777500209304 0.0193537212959595 0.171669336133071 0.0344058441997254 -999 -999 -999 -999 -999 -999
0.14542049546426 0.0427415894793706 0.142937016754124 0.120392222222286 -999 -999 -999 -999 -999 -999
-999 -999 -999 -999 -999 -999 -999 -999 -999 -999
-999 -999 -999 -999 -999 -999 -999 -999 -999 -999
-999 -999 -999 -999 -999 -999 -999 -999 -999 -999
-999 -999 -999 -999 -999 -999 -999 -999 -999 -999
-999 -999 -999 -999 -999 -999 -999 -999 -999 -999
0.0246441751622634 0.12902645361902 0.0414131071467584 0.0387582162959547 -999 -999 -999 -999 -999 -999
0.198998812106604 0.290774424545693 0.0830465707666723 0.186281804073169 -999 -999 -999 -999 -999 -999
0.0233085865889916 0.112051525651114 0.0461837138871509 0.0369720090315062 -999 -999 -999 -999 -999 -999
0.0252208964849862 0.0436190757018421 0.0407811643248496 0.0359325182202678 -999 -999 -999 -999 -999 -999
0.255627147495005 0.174318637508134 0.160354809632411 0.0403208192468501 -999 -999 -999 -999 -999 -999
0.0483357127196561 0.088052456674902 0.351918611805829 0.161456494764525 -999 -999 -999 -999 -999 -999
0.0253531257900824 0.0203479193513186 0.0413023502266333 0.0819052668602235 -999 -999 -999 -999 -999 -999
0.248453038687858 0.0215144946544929 0.044955772169137 0.0963247318996826 -999 -999 -999 -999 -999 -999
0.0592468529193101 0.022601357140957 0.0450064625847138 0.0786047499451914 -999 -999 -999 -999 -999 -999
0.025876769685816 0.0422523374134584 0.0390493226447156 0.069406430845082 -999 -999 -999 -999 -999 -999
0.0240787930533546 0.0210770311796759 0.0470191282348966 0.0991694195366687 -999 -999 -999 -999 -999 -999
0.0408560893060729 0.0343642865593927 0.0589689865762326 0.0748675392808787 -999 -999 -999 -999 -999 -999
-999 -999 -999 -999 -999 -999 -999 -999 -999 -999
-999 -999 -999 -999 -999 -999 -999 -999 -999 -999
-999 -999 -999 -999 -999 -999 -999 -999 -999 -999
-999 -999 -999 -999 -999 -999 -999 -999 -999 -999
-999 -999 -999 -999 -999 -999 -999 -999 -999 -999
-999 -999 -999 -999 -999 -999 -999 -999 -999 -999
-999 -999 -999 -999 -999 -999 -999 -999 -999 -999
-999 -999 -999 -999 -999 -999 -999 -999 -999 -999
-999 -999 -999 -999 -999 -999 -999 -999 -999 -999
0.0238167614271312 0.0224707736930275 0.037596245537929 0.0614835647421898 -999 -999 -999 -999 -999 -999
0.0262481934652803 0.0204773564574948 0.0405456584321776 0.0862792813352276 -999 -999 -999 -999 -999 -999
0.022077642930494 0.0405350027069972 0.0384456878652098 0.0340020440907254 -999 -999 -999 -999 -999 -999
0.18157915430346 0.0807086169987148 0.0384499972952759 0.0620087958765511 -999 -999 -999 -999 -999 -999
0.021415885060414 0.0422971099596441 0.0379689414527186 0.03559353606692 -999 -999 -999 -999 -999 -999
0.307708308960543 0.0860742784294211 0.0412318109801812 0.0890535567565754 -999 -999 -999 -999 -999 -999
0.0227267233737704 0.0196826164106236 0.109040561380073 0.0690628791105386 -999 -999 -999 -999 -999 -999
0.0209054951342807 0.0622294047533962 0.0364632054303967 0.0348118300049798 -999 -999 -999 -999 -999 -999
0.0225707116297755 0.135565202469093 0.087077459606236 0.0643678146256933 -999 -999 -999 -999 -999 -999
0.206823307873995 0.101108591017315 0.0482022059504449 0.25262564883148 -999 -999 -999 -999 -999 -999
0.0221046164525045 0.154758269032208 0.139081330143641 0.0392208806779203 -999 -999 -999 -999 -999 -999
0.0509851121345299 0.0208649647971616 0.113379788715254 0.0362247747857587 -999 -999 -999 -999 -999 -999
0.0226815783977787 0.0447058836944755 0.083748930091323 0.0746879096330211 -999 -999 -999 -999 -999 -999
0.048356508856043 0.168521929580427 0.148768177119139 0.0605774834624189 -999 -999 -999 -999 -999 -999
-999 -999 -999 -999 -999 -999 -999 -999 -999 -999
-999 -999 -999 -999 -999 -999 -999 -999 -999 -999
-999 -999 -999 -999 -999 -999 -999 -999 -999 -999
-999 -999 -999 -999 -999 -999 -999 -999 -999 -999
-999 -999 -999 -999 -999 -999 -999 -999 -999 -999
-999 -999 -999 -999 -999 -999 -999 -999 -999 -999
-999 -999 -999 -999 -999 -999 -999 -999 -999 -999
0.61940399232964 0.32394980871931 0.0404448497236078 0.0366828597383257 -999 -999 -999 -999 -999 -999
0.0300594803556422 0.196275602601727 0.332708502383936 0.232444131925814 -999 -999 -999 -999 -999 -999
0.0252619491585473 0.0647636534619927 0.0832419922079804 0.0659878202311475 -999 -999 -999 -999 -999 -999
0.0236531299430116 0.0210035011880399 0.198585875717329 0.072975307434025 -999 -999 -999 -999 -999 -999
0.0233243319116534 0.0206489564971709 0.0405832291811933 0.0715895766722487 -999 -999 -999 -999 -999 -999
0.0258409933638927 0.0431231686027214 0.0397108966277474 0.0702847752075883 -999 -999 -999 -999 -999 -999
0.0265143551056422 0.021499888744335 0.0481777509396488 0.146823167532632 -999 -999 -999 -999 -999 -999
0.0470156210298463 0.0209111743505108 0.0408522370785384 0.0385700238384148 -999 -999 -999 -999 -999 -999
0.0250359607735896 0.0417642648421229 0.0375767343418815 0.0322558504536497 -999 -999 -999 -999 -999 -999
0.0250806222522071 0.0207704076122008 0.0419836713363891 0.0643255323787596 -999 -999 -999 -999 -999 -999
0.0258799691265059 0.0216568148420378 0.0413996916618757 0.0942092207385399 -999 -999 -999 -999 -999 -999
0.102929594649822 0.203632758537832 0.0547345687998724 0.0738517338488551 -999 -999 -999 -999 -999 -999
-999 -999 -999 -999 -999 -999 -999 -999 -999 -999
-999 -999 -999 -999 -999 -999 -999 -999 -999 -999
-999 -999 -999 -999 -999 -999 -999 -999 -999 -999
-999 -999 -999 -999 -999 -999 -999 -999 -999 -999
-999 -999 -999 -999 -999 -999 -999 -999 -999 -999
-999 -999 -999 -999 -999 -999 -999 -999 -999 -999
-999 -999 -999 -999 -999 -999 -999 -999 -999 -999
-999 -999 -999 -999 -999 -999 -999 -999 -999 -999
-999 -999 -999 -999 -999 -999 -999 -999 -999 -999
0.0237165807078161 0.0413941575121948 0.0337479812209829 0.0307267142854366 -999 -999 -999 -999 -999 -999
0.0212328595228284 0.0202798502246908 0.0409074629392965 0.0574581376654299 -999 -999 -999 -999 -999 -999
0.0228349683723929 0.0187994500569415 0.0377501984466976 0.0924649640153209 -999 -999 -999 -999 -999 -999
0.0217486969476556 0.0406676665968575 0.0337157336479952 0.0332380518550393 -999 -999 -999 -999 -999 -999
0.02025781792205 0.125065618699732 0.038860775389211 0.0325957355690512 -999 -999 -999 -999 -999 -999
0.0431754730675408 0.125751110888515 0.0398228509583121 0.0328326350387292 -999 -999 -999 -999 -999 -999
0.0913736671613862 0.0391086279027753 0.0371529122100149 0.0875148635348525 -999 -999 -999 -999 -999 -999
0.0760569843872095 0.0572286378483994 0.0730694354865395 0.0609444538995719 -999 -999 -999 -999 -999 -999
0.379170131738242 0.114300904529447 0.114423829244021 0.113795324588732 -999 -999 -999 -999 -999 -999
0.0451623462125728 0.2642292171668 0.184947766522431 0.134510148218281 -999 -999 -999 -999 -999 -999
0.0238265205917716 0.0409285498155131 0.0746957261007906 0.143372544043228 -999 -999 -999 -999 -999 -999
0.0429297786531819 0.0212293435181494 0.143498120271139 0.038923946481301 -999 -999 -999 -999 -999 -999
0.0220623984216187 0.0194027376202472 0.0713072108584373 0.0336891922439287 -999 -999 -999 -999 -999 -999
0.107298907502513 0.0197909656937925 0.0385805805606076 0.0331203919476168 -999 -999 -999 -999 -999 -999
0.0591528687912212 0.0518231619259435 0.0375194161435237 0.0748128966134807 -999 -999 -999 -999 -999 -999
-999 -999 -999 -999 -999 -999 -999 -999 -999 -999
-999 -999 -999 -999 -999 -999 -999 -999 -999 -999
-999 -999 -999 -999 -999 -999 -999 -999 -999 -999
-999 -999 -999 -999 -999 -999 -999 -999 -999 -999
-999 -999 -999 -999 -999 -999 -999 -999 -999 -999
-999 -999 -999 -999 -999 -999 -999 -999 -999 -999
0.0233739922609386 0.0213197062966176 0.0375075646900602 0.0611578143921083 -999 -999 -999 -999 -999 -999
0.0231782084909241 0.152053614373301 0.0359875171673708 0.0599523626005732 -999 -999 -999 -999 -999 -999
0.175023363972257 0.100486620445125 0.11204681760045 0.0898838901468357 -999 -999 -999 -999 -999 -999
0.0901236186320099 0.189347880810315 0.0416729155621956 0.0876742348912849 -999 -999 -999 -999 -999 -999
0.134963124825733 0.0208056916869394 0.0392611489524575 0.143006291683489 -999 -999 -999 -999 -999 -999
0.0453273854625216 0.0592796370866405 0.212802274117103 0.0659597438103182 -999 -999 -999 -999 -999 -999
0.304216949776503 0.124258450662785 0.15412779118013 0.116752359092814 -999 -999 -999 -999 -999 -999
0.0439454676625405 0.0202806996199413 0.0759412048519594 0.0629086296526289 -999 -999 -999 -999 -999 -999
0.0218409543577411 0.0999538148217559 0.0340112519589366 0.0313193576427177 -999 -999 -999 -999 -999 -999
0.0212628123354918 0.0201566289040869 0.0705102662921525 0.0343226211456382 -999 -999 -999 -999 -999 -999
0.0236609953574904 0.0620690303536105 0.0369489808615736 0.0355408745688546 -999 -999 -999 -999 -999 -999
0.024199634959995 0.0186483894099898 0.0378718615802528 0.0900931812409239 -999 -999 -999 -999 -999 -999
0.0234088514178961 0.0202651118933612 0.0380204027440779 0.0578790048206795 -999 -999 -999 -999 -999 -999
0.0235229375238153 0.0416553225517982 0.0359219782628439 0.0326659523748869 -999 -999 -999 -999 -999 -999
0.0219517029641435 0.0494194010837329 0.0373680241784365 0.0308836819362462 -999 -999 -999 -999 -999 -999
-999 -999 -999 -999 -999 -999 -999 -999 -999 -999
-999 -999 -999 -999 -999 -999 -999 -999 -999 -999
-999 -999 -999 -999 -999 -999 -999 -999 -999 -999
-999 -999 -999 -999 -999 -999 -999 -999 -999 -999
-999 -999 -999 -999 -999 -999 -999 -999 -999 -999
-999 -999 -999 -999 -999 -999 -999 -999 -999 -999
0.0215626687992967 0.0176421872223363 0.0308223838247306 0.07086900832012 -999 -999 -999 -999 -999 -999
0.020356335654771 0.0368731488244206 0.031195972058416 0.0525910853292578 -999 -999 -999 -999 -999 -999
0.0189722589734509 0.13099426369827 0.0305787624071457 0.028413671601546 -999 -999 -999 -999 -999 -999
0.0406031879624215 0.0170304349702823 0.0300742535909209 0.0265761984166801 -999 -999 -999 -999 -999 -999
0.0190295698229714 0.0703443407734705 0.0291685417049543 0.0275669905226727 -999 -999 -999 -999 -999 -999
0.0209469869457255 0.0558137600530222 0.0605048315591794 0.0291543738481869 -999 -999 -999 -999 -999 -999
0.0203798988092324 0.0189569558686708 0.0896638128839004 0.0287894732559384 -999 -999 -999 -999 -999 -999
0.0186192240986474 0.0181552308738904 0.0611605115899685 0.028385651000123 -999 -999 -999 -999 -999 -999
0.0658134486729805 0.0562758901743685 0.0344355831162245 0.14349359961176 -999 -999 -999 -999 -999 -999
0.192467821092761 0.0717741653081932 0.0647382471087599 0.0843140914413869 -999 -999 -999 -999 -999 -999
0.017407758034242 0.0901822833038885 0.0289251847062092 0.0264877320187773 -999 -999 -999 -999 -999 -999
0.0410835424362928 0.0175345842967948 0.0320250828308237 0.0736954959984953 -999 -999 -999 -999 -999 -999
0.0195003011961922 0.0544159283748354 0.0298083234540979 0.0534588388168775 -999 -999 -999 -999 -999 -999
0.018408114492444 0.073025530354175 0.029318514480022 0.0261121094083175 -999 -999 -999 -999 -999 -999
0.115404806902091 0.0170660145436169 0.0286378136545993 0.0273518145310868 -999 -999 -999 -999 -999 -999
0.226772552359426 0.0361316750737241 0.0628778655764172 0.095116285215638 -999 -999 -999 -999 -999 -999
0.0197462791021175 0.0548876670528228 0.14206170809719 0.0291862188632165 -999 -999 -999 -999 -999 -999
0.017793946463418 0.0701782208827846 0.0726053031324462 0.0280929831817294 -999 -999 -999 -999 -999 -999
0.0213587170356486 0.0180123224575446 0.0344119108077869 0.0523846273966378 -999 -999 -999 -999 -999 -999
0.0383360301944634 0.0192012473450217 0.0307250113234242 0.028567756073615 -999 -999 -999 -999 -999 -999
0.0254365509514066 0.0555041485478671 0.0462603820927834 0.0393919951479376 -999 -999 -999 -999 -999 -999
0.0275447454385561 0.0735866143452101 0.0572677649431122 0.0488964032584628 -999 -999 -999 -999 -999 -999
0.506034042748088 0.52841450263893 0.546957783015772 0.284181497705601 -999 -999 -999 -999 -999 -999
0.358504462073662 0.226143096586486 0.168077379613825 0.40789224467468 -999 -999 -999 -999 -999 -999
0.0304118236756858 0.0250141662867847 0.0571941714554364 0.128032213537815 -999 -999 -999 -999 -999 -999
0.0266838225350116 0.0527797054012459 0.0581780558487167 0.0492991914643316 -999 -999 -999 -999 -999 -999
0.0508211035289964 0.0940619147413429 0.112324845123137 0.08169844935911 -999 -999 -999 -999 -999 -999
-999 -999 -999 -999 -999 -999 -999 -999 -999 -999
-999 -999 -999 -999 -999 -999 -999 -999 -999 -999
-999 -999 -999 -999 -999 -999 -999 -999 -999 -999
-999 -999 -999 -999 -999 -999 -999 -999 -999 -999
-999 -999 -999 -999 -999 -999 -999 -999 -999 -999
-999 -999 -999 -999 -999 -999 -999 -999 -999 -999
-999 -999 -999 -999 -999 -999 -999 -999 -999 -999
-999 -999 -999 -999 -999 -999 -999 -999 -999 -999
-999 -999 -999 -999 -999 -999 -999 -999 -999 -999
-999 -999 -999 -999 -999 -999 -999 -999 -999 -999
-999 -999 -999 -999 -999 -999 -999 -999 -999 -999
-999 -999 -999 -999 -999 -999 -999 -999 -999 -999
-999 -999 -999 -999 -999 -999 -999 -999 -999 -999
-999 -999 -999 -999 -999 -999 -999 -999 -999 -999
-999 -999 -999 -999 -999 -999 -999 -999 -999 -999
-999 -999 -999 -999 -999 -999 -999 -999 -999 -999
-999 -999 -999 -999 -999 -999 -999 -999 -999 -999
-999 -999 -999 -999 -999 -999 -999 -999 -999 -999
-999 -999 -999 -999 -999 -999 -999 -999 -999 -999
-999 -999 -999 -999 -999 -999 -999 -999 -999 -999
-999 -999 -999 -999 -999 -999 -999 -999 -999 -999
-999 -999 -999 -999 -999 -999 -999 -999 -999 -999
-999 -999 -999 -999 -999 -999 -999 -999 -999 -999
-999 -999 -999 -999 -999 -999 -999 -999 -999 -999
-999 -999 -999 -999 -999 -999 -999 -999 -999 -999
-999 -999 -999 -999 -999 -999 -999 -999 -999 -999
-999 -999 -999 -999 -999 -999 -999 -999 -999 -999
-999 -999 -999 -999 -999 -999 -999 -999 -999 -999
-999 -999 -999 -999 -999 -999 -999 -999 -999 -999
-999 -999 -999 -999 -999 -999 -999 -999 -999 -999
-999 -999 -999 -999 -999 -999 -999 -999 -999 -999
-999 -999 -999 -999 -999 -999 -999 -999 -999 -999
-999 -999 -999 -999 -999 -999 -999 -999 -999 -999
-999 -999 -999 -999 -999 -999 -999 -999 -999 -999
-999 -999 -999 -999 -999 -999 -999 -999 -999 -999
-999 -999 -999 -999 -999 -999 -999 -999 -999 -999
-999 -999 -999 -999 -999 -999 -999 -999 -999 -999
-999 -999 -999 -999 -999 -999 -999 -999 -999 -999
-999 -999 -999 -999 -999 -999 -999 -999 -999 -999
-999 -999 -999 -999 -999 -999 -999 -999 -999 -999
-999 -999 -999 -999 -999 -999 -999 -999 -999 -999
-999 -999 -999 -999 -999 -999 -999 -999 -999 -999
-999 -999 -999 -999 -999 -999 -999 -999 -999 -999
-999 -999 -999 -999 -999 -999 -999 -999 -999 -999
-999 -999 -999 -999 -999 -999 -999 -999 -999 -999
-999 -999 -999 -999 -999 -999 -999 -999 -999 -999
-999 -999 -999 -999 -999 -999 -999 -999 -999 -999
-999 -999 -999 -999 -999 -999 -999 -999 -999 -999
-999 -999 -999 -999 -999 -999 -999 -999 -999 -999
-999 -999 -999 -999 -999 -999 -999 -999 -999 -999
-999 -999 -999 -999 -999 -999 -999 -999 -999 -999
-999 -999 -999 -999 -999 -999 -999 -999 -999 -999
-999 -999 -999 -999 -999 -999 -999 -999 -999 -999
-999 -999 -999 -999 -999 -999 -999 -999 -999 -999
-999 -999 -999 -999 -999 -999 -999 -999 -999 -999
-999 -999 -999 -999 -999 -999 -999 -999 -999 -999
-999 -999 -999 -999 -999 -999 -999 -999 -999 -999
