19
15
15
15
16
15
12
15
13
10
9
13
15
18
18
20
23
21
26
27
26
26
28
27
22
21
23
24
29
30
30
29
29
27
26
24
21
20
13
19
23
23
23
24
24
27
25
19
20
16
20
16
16
17
20
23
23
20
20
20
19
21
21
22
27
32
34
32
29
30
26
29
27
23
19
20
19
23
30
35
35
36
30
36
34
30
28
29
29
27
30
29
28
27
24
26
27
27
31
28
24
23
23
24
25
23
24
24
27
33
34
32
30
30
32
34
34
33
36
33
29
26
24
22
27
20
16
14
10
15
17
16
19
22
25
23
22
20
23
25
24
22
24
25
22
18
17
14
14
12
16
23
26
21
19
17
20
18
13
10
7
10
10
15
21
22
23
24
24
24
19
19
14
16
16
13
13
9
9
11
12
14
18
16
19
19
20
25
22
22
16
18
22
21
20
20
21
22
21
25
27
24
22
26
28
29
29
24
27
26
25
21
23
23
22
22
23
21
23
20
17
21
19
17
15
13
14
13
19
21
23
25
30
30
25
26
24
22
22
23
21
19
19
20
21
21
20
20
16
16
16
16
16
22
19
16
19
23
22
25
21
22
19
19
18
19
19
19
20
17
17
21
23
29
32
33
29
31
27
25
28
26
25
23
26
26
29
27
26
30
39
38
36
38
40
44
43
43
40
40
38
36
36
34
32
31
33
33
34
33
34
38
40
39
39
44
41
45
45
42
45
45
46
44
43
42
39
43
46
51
52
54
48
49
48
48
46
42
44
45
49
50
55
54
52
51
51
47
49
50
50
43
45
48
48
45
46
52
48
46
46
47
43
41
45
44
44
40
39
41
44
41
40
40
39
37
33
32
31
29
33
30
34
31
31
35
39
40
38
41
43
40
38
35
33
34
32
38
41
40
37
37
40
45
41
41
40
37
35
36
34
33
32
30
24
28
30
30
29
27
27
25
21
25
31
28
30
33
33
29
36
36
31
32
28
32
35
33
31
30
29
28
31
27
27
27
28
26
30
32
34
39
35
37
41
39
42
44
47
46
46
48
49
52
50
47
42
39
40
36
37
39
41
43
42
42
47
47
45
41
42
39
37
35
36
38
33
38
39
38
36
37
31
31
38
38
40
42
44
40
40
43
44
48
44
43
42
41
36
31
32
34
33
32
27
26
27
28
29
31
29
29
29
32
40
42
42
44
45
41
44
42
43
44
42
46
44
41
39
36
37
37
35
34
34
35
34
34
32
30
27
26
24
24
25
27
25
27
20
21
21
20
16
19
21
21
20
19
18
21
21
20
19
22
27
24
27
31
33
33
27
24
24
30
28
29
25
25
24
18
16
18
16
18
21
20
21
19
22
19
21
23
25
26
25
29
25
23
19
18
18
19
20
19
18
20
19
20
22
22
17
19
21
20
17
19
13
12
11
12
12
12
14
16
14
17
19
14
17
15
14
11
12
14
12
10
12
16
14
14
16
15
17
19
25
28
26
27
24
24
24
28
22
27
27
22
23
23
22
25
29
29
22
20
19
18
20
24
21
24
24
23
25
28
32
33
38
36
31
34
30
26
25
22
20
20
23
24
28
29
31
28
28
28
33
36
37
34
35
32
28
25
26
25
25
25
33
37
40
47
47
48
43
45
43
39
40
40
43
39
36
38
37
35
36
35
34
34
33
30
35
34
32
36
36
39
40
38
39
44
45
48
50
46
43
37
39
37
36
36
38
39
39
40
39
43
45
41
39
36
33
35
32
32
36
36
34
36
30
27
26
26
29
33
29
29
30
25
27
24
22
20
18
19
19
17
19
14
10
12
15
16
17
18
17
14
14
11
14
14
12
9
9
9
10
15
18
19
19
18
14
10
14
16
15
15
14
12
14
11
10
10
8
11
11
10
13
11
11
7
8
11
11
9
7
7
8
10
6
5
7
5
6
5
6
9
8
5
4
6
4
4
5
5
4
4
4
4
5
5
7
6
7
6
5
7
6
5
6
6
7
6
5
6
4
5
8
6
4
5
5
4
4
4
4
5
4
5
5
4
4
7
5
7
4
6
8
6
9
11
12
13
12
16
18
15
11
12
9
12
13
10
9
10
9
11
16
15
18
14
16
15
12
13
17
14
11
12
13
13
18
14
13
11
9
11
10
8
4
4
4
6
6
6
5
5
4
6
9
7
7
7
10
9
10
7
10
12
10
8
13
16
15
14
17
16
15
15
16
15
18
22
20
27
29
30
30
30
32
28
24
21
23
22
22
25
23
22
17
16
