527.988653356073 4549.91162263539 0.135770234986945 0.506527415143603 0.237597911227154 0.120104438642298 0 0 0 0 0 0
527.988653356073 4549.91162263539 0.135770234986945 0.506527415143603 0.237597911227154 0.120104438642298 0 0 0 0 0 0
527.988653356073 4549.91162263539 0.135770234986945 0.506527415143603 0.237597911227154 0.120104438642298 0 0 0 0 0 0
527.988653356073 4549.91162263539 0.135770234986945 0.506527415143603 0.237597911227154 0.120104438642298 0 0 0 0 0 0
527.988653356073 4549.91162263539 0.135770234986945 0.506527415143603 0.237597911227154 0.120104438642298 0 0 0 0 0 0
527.988653356073 4549.91162263539 0.135770234986945 0.506527415143603 0.237597911227154 0.120104438642298 0 0 0 0 0 0
527.988653356073 4549.91162263539 0.135770234986945 0.506527415143603 0.237597911227154 0.120104438642298 0 0 0 0 0 0
527.988653356073 4549.91162263539 0.135770234986945 0.506527415143603 0.237597911227154 0.120104438642298 0 0 0 0 0 0
527.988653356073 4549.91162263539 0.135770234986945 0.506527415143603 0.237597911227154 0.120104438642298 0 0 0 0 0 0
527.988653356073 4549.91162263539 0.135770234986945 0.506527415143603 0.237597911227154 0.120104438642298 0 0 0 0 0 0
527.988653356073 4549.91162263539 0.135770234986945 0.506527415143603 0.237597911227154 0.120104438642298 0 0 0 0 0 0
527.988653356073 4549.91162263539 0.135770234986945 0.506527415143603 0.237597911227154 0.120104438642298 0 0 0 0 0 0
527.988653356073 4549.91162263539 0.135770234986945 0.506527415143603 0.237597911227154 0.120104438642298 0 0 0 0 0 0
483.213622419128 4553.5740704624 0.475195822454308 0.117493472584856 0.161879895561358 0.245430809399478 0 0 0 0 0 0
483.213622419128 4553.5740704624 0.475195822454308 0.117493472584856 0.161879895561358 0.245430809399478 0 0 0 0 0 0
483.213622419128 4553.5740704624 0.475195822454308 0.117493472584856 0.161879895561358 0.245430809399478 0 0 0 0 0 0
483.213622419128 4553.5740704624 0.475195822454308 0.117493472584856 0.161879895561358 0.245430809399478 0 0 0 0 0 0
483.213622419128 4553.5740704624 0.475195822454308 0.117493472584856 0.161879895561358 0.245430809399478 0 0 0 0 0 0
483.213622419128 4553.5740704624 0.475195822454308 0.117493472584856 0.161879895561358 0.245430809399478 0 0 0 0 0 0
483.213622419128 4553.5740704624 0.475195822454308 0.117493472584856 0.161879895561358 0.245430809399478 0 0 0 0 0 0
483.213622419128 4553.5740704624 0.475195822454308 0.117493472584856 0.161879895561358 0.245430809399478 0 0 0 0 0 0
483.213622419128 4553.5740704624 0.475195822454308 0.117493472584856 0.161879895561358 0.245430809399478 0 0 0 0 0 0
483.213622419128 4553.5740704624 0.475195822454308 0.117493472584856 0.161879895561358 0.245430809399478 0 0 0 0 0 0
483.213622419128 4553.5740704624 0.475195822454308 0.117493472584856 0.161879895561358 0.245430809399478 0 0 0 0 0 0
483.213622419128 4553.5740704624 0.475195822454308 0.117493472584856 0.161879895561358 0.245430809399478 0 0 0 0 0 0
483.213622419128 4553.5740704624 0.475195822454308 0.117493472584856 0.161879895561358 0.245430809399478 0 0 0 0 0 0
483.213622419128 4553.5740704624 0.475195822454308 0.117493472584856 0.161879895561358 0.245430809399478 0 0 0 0 0 0
483.213622419128 4553.5740704624 0.475195822454308 0.117493472584856 0.161879895561358 0.245430809399478 0 0 0 0 0 0
483.213622419128 4553.5740704624 0.475195822454308 0.117493472584856 0.161879895561358 0.245430809399478 0 0 0 0 0 0
483.213622419128 4553.5740704624 0.475195822454308 0.117493472584856 0.161879895561358 0.245430809399478 0 0 0 0 0 0
546.022136622313 4575.90348420615 0.135770234986945 0.506527415143603 0.237597911227154 0.120104438642298 0 0 0 0 0 0
546.022136622313 4575.90348420615 0.135770234986945 0.506527415143603 0.237597911227154 0.120104438642298 0 0 0 0 0 0
589.053245479369 4592.95935070292 0.253263707571802 0.143603133159269 0.143603133159269 0.459530026109661 0 0 0 0 0 0
589.053245479369 4592.95935070292 0.253263707571802 0.143603133159269 0.143603133159269 0.459530026109661 0 0 0 0 0 0
589.053245479369 4592.95935070292 0.253263707571802 0.143603133159269 0.143603133159269 0.459530026109661 0 0 0 0 0 0
589.053245479369 4592.95935070292 0.253263707571802 0.143603133159269 0.143603133159269 0.459530026109661 0 0 0 0 0 0
589.053245479369 4592.95935070292 0.253263707571802 0.143603133159269 0.143603133159269 0.459530026109661 0 0 0 0 0 0
589.053245479369 4592.95935070292 0.253263707571802 0.143603133159269 0.143603133159269 0.459530026109661 0 0 0 0 0 0
542.847692443441 4640.65665926354 0.133159268929504 0.240208877284595 0.451697127937337 0.174934725848564 0 0 0 0 0 0
542.847692443441 4640.65665926354 0.133159268929504 0.240208877284595 0.451697127937337 0.174934725848564 0 0 0 0 0 0
542.847692443441 4640.65665926354 0.133159268929504 0.240208877284595 0.451697127937337 0.174934725848564 0 0 0 0 0 0
542.847692443441 4640.65665926354 0.133159268929504 0.240208877284595 0.451697127937337 0.174934725848564 0 0 0 0 0 0
542.847692443441 4640.65665926354 0.133159268929504 0.240208877284595 0.451697127937337 0.174934725848564 0 0 0 0 0 0
542.847692443441 4640.65665926354 0.133159268929504 0.240208877284595 0.451697127937337 0.174934725848564 0 0 0 0 0 0
542.847692443441 4640.65665926354 0.133159268929504 0.240208877284595 0.451697127937337 0.174934725848564 0 0 0 0 0 0
542.847692443441 4640.65665926354 0.133159268929504 0.240208877284595 0.451697127937337 0.174934725848564 0 0 0 0 0 0
542.847692443441 4640.65665926354 0.133159268929504 0.240208877284595 0.451697127937337 0.174934725848564 0 0 0 0 0 0
