527.98847639388 4549.91136271287
527.989131100638 4549.91182608045
527.98828993439 4549.91147967015
527.988377140586 4549.91179767321
527.988944595886 4549.91210667868
527.988341671299 4549.91143054671
527.98833835727 4549.91174222222
527.988429992391 4549.91182080643
527.988760681793 4549.91180357057
527.988306311575 4549.9116428813
527.988985738634 4549.91143504677
527.988670785142 4549.91122937801
527.988164994794 4549.91122549918
483.213553886361 4553.57369892317
483.213717728525 4553.57422592049
483.213206400251 4553.57450256442
483.2136972181 4553.57442441458
483.213925914978 4553.57423448429
483.213347716956 4553.57453180779
483.213703846234 4553.57450036443
483.213715361725 4553.57410855436
483.213439552514 4553.57399275218
483.213990865837 4553.57437137494
483.213186842599 4553.57429242707
483.213532278832 4553.57407832445
483.213698315703 4553.5738226539
483.213229234494 4553.57456702009
483.213780386164 4553.57381088889
483.21333046917 4553.57397204798
483.213139285337 4553.57425917003
546.022522789317 4575.90307700649
546.022030668048 4575.90364943417
589.053048601802 4592.95953052284
589.053350494363 4592.95917897155
589.053303589736 4592.95891818724
589.053085224742 4592.95983533667
589.053637581184 4592.9598207321
589.053365556762 4592.95966704981
542.847558922329 4640.65690850644
542.84799265636 4640.65621131031
542.847698749069 4640.65620615416
542.847683994602 4640.65706127372
542.848014713187 4640.65697536529
542.848173660869 4640.65674426641
542.847214484442 4640.65698840863
542.847927000607 4640.65653176971
542.847800425695 4640.65639435504
-999 -999
-999 -999
-999 -999
-999 -999
-999 -999
-999 -999
-999 -999
-999 -999
-999 -999
-999 -999
-999 -999
-999 -999
-999 -999
-999 -999
-999 -999
-999 -999
-999 -999
-999 -999
-999 -999
-999 -999
-999 -999
-999 -999
-999 -999
-999 -999
-999 -999
-999 -999
-999 -999
-999 -999
-999 -999
-999 -999
-999 -999
-999 -999
-999 -999
-999 -999
-999 -999
-999 -999
-999 -999
-999 -999
-999 -999
-999 -999
-999 -999
-999 -999
-999 -999
-999 -999
-999 -999
-999 -999
-999 -999
