0.0268095900493395 0.0403617043013275 0.0193825985832795 0.0299441053442124 -999 -999 -999 -999 -999 -999
0.0374924195988281 0.0200356672220533 0.0201747032103452 0.0779357758831078 -999 -999 -999 -999 -999 -999
0.0271632553881843 0.0167359290889062 0.0810840539997808 0.0321147592932557 -999 -999 -999 -999 -999 -999
0.0432696955588145 0.091284512573419 0.0192790772296804 0.0799107968150331 -999 -999 -999 -999 -999 -999
0.0889146077890718 0.200714317586387 0.0201841399251196 0.195087781815714 -999 -999 -999 -999 -999 -999
0.108931823745253 0.0162383360831673 0.296102517421696 0.0459049857381917 -999 -999 -999 -999 -999 -999
0.0766866165316703 0.0181277156691684 0.0841838219765426 0.0382274758570188 -999 -999 -999 -999 -999 -999
0.0288519087010471 0.018507691089484 0.0402994424373366 0.0316132416118022 -999 -999 -999 -999 -999 -999
0.0262097902787918 0.017548498435553 0.0399056018349886 0.0308710638316049 -999 -999 -999 -999 -999 -999
0.0247317842696831 0.0556030448153474 0.0942979191792771 0.0310216699135464 -999 -999 -999 -999 -999 -999
0.0253792815106511 0.036474402454985 0.0191281853840124 0.028987181893132 -999 -999 -999 -999 -999 -999
0.0270377686569578 0.110097652133773 0.0194052960377362 0.0313604100267839 -999 -999 -999 -999 -999 -999
0.0266180034109524 0.0767698936735378 0.01901028982672 0.0298524815260567 -999 -999 -999 -999 -999 -999
0.0281473491343085 0.0164920906197565 0.0368241814730907 0.0312443914642531 -999 -999 -999 -999 -999 -999
0.0474535991487692 0.0172924838025526 0.0200093366768674 0.0350617565243709 -999 -999 -999 -999 -999 -999
0.0253709932939616 0.0531550548803748 0.0205138330553249 0.0316779717268435 -999 -999 -999 -999 -999 -999
0.0236243692895431 0.053202566552478 0.0196627046576063 0.0300882850273309 -999 -999 -999 -999 -999 -999
0.0459489693403556 0.0545945503349719 0.0198988340258418 0.0353882159566877 -999 -999 -999 -999 -999 -999
0.111195417827383 0.0181436673757726 0.023358071596664 0.0424898043506859 -999 -999 -999 -999 -999 -999
0.0681968471440477 0.019084838013877 0.021725461958433 0.037737889845244 -999 -999 -999 -999 -999 -999
0.0819659093323867 0.0495353832931078 0.0655699295096573 0.0734799555551241 -999 -999 -999 -999 -999 -999
0.164360592408344 0.2912683555304 0.117700967057602 0.300830947386344 -999 -999 -999 -999 -999 -999
0.697467426815054 0.656226366202225 0.785293433665003 0.532123201614347 -999 -999 -999 -999 -999 -999
0.138171980776602 0.0525052782673756 0.0970055992773949 0.167045850999309 -999 -999 -999 -999 -999 -999
-999 -999 -999 -999 -999 -999 -999 -999 -999 -999
-999 -999 -999 -999 -999 -999 -999 -999 -999 -999
-999 -999 -999 -999 -999 -999 -999 -999 -999 -999
-999 -999 -999 -999 -999 -999 -999 -999 -999 -999
-999 -999 -999 -999 -999 -999 -999 -999 -999 -999
-999 -999 -999 -999 -999 -999 -999 -999 -999 -999
-999 -999 -999 -999 -999 -999 -999 -999 -999 -999
-999 -999 -999 -999 -999 -999 -999 -999 -999 -999
-999 -999 -999 -999 -999 -999 -999 -999 -999 -999
-999 -999 -999 -999 -999 -999 -999 -999 -999 -999
-999 -999 -999 -999 -999 -999 -999 -999 -999 -999
-999 -999 -999 -999 -999 -999 -999 -999 -999 -999
-999 -999 -999 -999 -999 -999 -999 -999 -999 -999
-999 -999 -999 -999 -999 -999 -999 -999 -999 -999
-999 -999 -999 -999 -999 -999 -999 -999 -999 -999
-999 -999 -999 -999 -999 -999 -999 -999 -999 -999
-999 -999 -999 -999 -999 -999 -999 -999 -999 -999
-999 -999 -999 -999 -999 -999 -999 -999 -999 -999
0.0415288964317332 0.086290979618323 0.0272738110977768 0.0687006849050835 -999 -999 -999 -999 -999 -999
0.122158201276668 0.221678479196387 0.257110928577056 0.0830360037776831 -999 -999 -999 -999 -999 -999
0.566475303002074 0.296354584940054 0.38296780695689 0.526369395191992 -999 -999 -999 -999 -999 -999
0.108536436366082 0.102168617824155 0.226028583714 0.0741996996841974 -999 -999 -999 -999 -999 -999
0.0394541720347569 0.0539596096988879 0.027660226638315 0.0640638057549939 -999 -999 -999 -999 -999 -999
0.121846990888685 0.239547728722193 0.0789586430159616 0.183630410686051 -999 -999 -999 -999 -999 -999
-999 -999 -999 -999 -999 -999 -999 -999 -999 -999
-999 -999 -999 -999 -999 -999 -999 -999 -999 -999
-999 -999 -999 -999 -999 -999 -999 -999 -999 -999
-999 -999 -999 -999 -999 -999 -999 -999 -999 -999
-999 -999 -999 -999 -999 -999 -999 -999 -999 -999
-999 -999 -999 -999 -999 -999 -999 -999 -999 -999
-999 -999 -999 -999 -999 -999 -999 -999 -999 -999
-999 -999 -999 -999 -999 -999 -999 -999 -999 -999
-999 -999 -999 -999 -999 -999 -999 -999 -999 -999
-999 -999 -999 -999 -999 -999 -999 -999 -999 -999
-999 -999 -999 -999 -999 -999 -999 -999 -999 -999
-999 -999 -999 -999 -999 -999 -999 -999 -999 -999
-999 -999 -999 -999 -999 -999 -999 -999 -999 -999
-999 -999 -999 -999 -999 -999 -999 -999 -999 -999
-999 -999 -999 -999 -999 -999 -999 -999 -999 -999
0.0679661358871281 0.36869265176555 0.0247245055355761 0.0853046972483633 -999 -999 -999 -999 -999 -999
0.1232765556707 0.0689743184831268 0.0864440898899093 0.0585607191212131 -999 -999 -999 -999 -999 -999
0.111653143146546 0.063699095734977 0.0266042203209429 0.0522737279171517 -999 -999 -999 -999 -999 -999
0.0952794475905137 0.0646176965100368 0.0496925090430639 0.193012597175175 -999 -999 -999 -999 -999 -999
0.0359569258073516 0.0441732588228773 0.0248474388999416 0.0447822038634846 -999 -999 -999 -999 -999 -999
0.0345975135884537 0.112448483466332 0.0252529192983599 0.0422975661953895 -999 -999 -999 -999 -999 -999
0.116225903675365 0.0227788193978797 0.0285293135335525 0.0593592421822522 -999 -999 -999 -999 -999 -999
0.105524807085689 0.0449671011614612 0.0238526433688005 0.224879445548985 -999 -999 -999 -999 -999 -999
0.202283642439107 0.156162716757062 0.54748500622781 0.137606726369441 -999 -999 -999 -999 -999 -999
0.0347521243438988 0.0220570641896471 0.0464649203811091 0.0489158363538744 -999 -999 -999 -999 -999 -999
0.0724838007652461 0.0314287937110503 0.116102433500934 0.0530072380246695 -999 -999 -999 -999 -999 -999
-999 -999 -999 -999 -999 -999 -999 -999 -999 -999
-999 -999 -999 -999 -999 -999 -999 -999 -999 -999
-999 -999 -999 -999 -999 -999 -999 -999 -999 -999
-999 -999 -999 -999 -999 -999 -999 -999 -999 -999
-999 -999 -999 -999 -999 -999 -999 -999 -999 -999
-999 -999 -999 -999 -999 -999 -999 -999 -999 -999
-999 -999 -999 -999 -999 -999 -999 -999 -999 -999
-999 -999 -999 -999 -999 -999 -999 -999 -999 -999
-999 -999 -999 -999 -999 -999 -999 -999 -999 -999
-999 -999 -999 -999 -999 -999 -999 -999 -999 -999
0.0589205167972873 0.0214891836000623 0.0212037588598599 0.0429084616285077 -999 -999 -999 -999 -999 -999
0.0339173681150122 0.0395489052100973 0.0205621405197132 0.0357021790791111 -999 -999 -999 -999 -999 -999
0.0323168718434214 0.161937299819254 0.0214848456100487 0.0395222903847114 -999 -999 -999 -999 -999 -999
0.0616624346417628 0.0480199632505243 0.0230029886703025 0.0428009231297588 -999 -999 -999 -999 -999 -999
0.0535503505140738 0.019125264739728 0.0225884205679687 0.0421944378387168 -999 -999 -999 -999 -999 -999
0.0764441698793635 0.0189338918412924 0.0232220201476036 0.0403504666560098 -999 -999 -999 -999 -999 -999
0.0982070093365229 0.102135740499775 0.392922994264698 0.0424423781332192 -999 -999 -999 -999 -999 -999
0.031833573893685 0.220411364768828 0.0211280254887328 0.0363060611841184 -999 -999 -999 -999 -999 -999
0.165269639675981 0.0183901267412963 0.150849918511308 0.0599467733378064 -999 -999 -999 -999 -999 -999
0.0352926183434208 0.0195284835044425 0.0216991923384823 0.0724626159711136 -999 -999 -999 -999 -999 -999
0.0300235158870601 0.0214797089951612 0.0490364987727469 0.0378502492935491 -999 -999 -999 -999 -999 -999
0.0314381131766196 0.0780202110214472 0.0231448140489725 0.0342076637126248 -999 -999 -999 -999 -999 -999
0.0309943976256798 0.10010776515764 0.0220400038186548 0.0376685506484306 -999 -999 -999 -999 -999 -999
0.0788578161144144 0.0689582333756507 0.0230686376827109 0.155554857856814 -999 -999 -999 -999 -999 -999
0.0554528364049328 0.0192972550454368 0.0199323992180888 0.146239734588351 -999 -999 -999 -999 -999 -999
0.125818767750763 0.0426166024293635 0.144113341480109 0.133842356557157 -999 -999 -999 -999 -999 -999
-999 -999 -999 -999 -999 -999 -999 -999 -999 -999
-999 -999 -999 -999 -999 -999 -999 -999 -999 -999
-999 -999 -999 -999 -999 -999 -999 -999 -999 -999
-999 -999 -999 -999 -999 -999 -999 -999 -999 -999
-999 -999 -999 -999 -999 -999 -999 -999 -999 -999
0.035237174349509 0.131076620071893 0.0253858552834524 0.044501522854792 -999 -999 -999 -999 -999 -999
0.173820678310301 0.286265068925978 0.190353200050809 0.0952819832517527 -999 -999 -999 -999 -999 -999
0.0339626315694232 0.105254365588011 0.0200282594323103 0.0458807157838001 -999 -999 -999 -999 -999 -999
0.0354984241660055 0.0424227567573568 0.0235616235327158 0.0422311683619539 -999 -999 -999 -999 -999 -999
0.061821226790516 0.171516496318539 0.259001771251385 0.152824549240797 -999 -999 -999 -999 -999 -999
0.199088816074426 0.0890150784521214 0.0511161558134707 0.303563602442461 -999 -999 -999 -999 -999 -999
0.0729369750330341 0.0228568291231217 0.0229064932649425 0.0514127344211756 -999 -999 -999 -999 -999 -999
0.0910028715836469 0.023798893185484 0.260490097963538 0.0510491053484733 -999 -999 -999 -999 -999 -999
0.0731557809987257 0.0226696664601665 0.0579665399654679 0.0473354400062684 -999 -999 -999 -999 -999 -999
0.0634515458451978 0.0435060255248344 0.0235375713552563 0.0515569028245736 -999 -999 -999 -999 -999 -999
0.0892446011860927 0.0204127686402179 0.0256579819688496 0.0495518142361078 -999 -999 -999 -999 -999 -999
0.0707792740931224 0.0412054309522769 0.0399944501178019 0.0648104612278445 -999 -999 -999 -999 -999 -999
-999 -999 -999 -999 -999 -999 -999 -999 -999 -999
-999 -999 -999 -999 -999 -999 -999 -999 -999 -999
-999 -999 -999 -999 -999 -999 -999 -999 -999 -999
-999 -999 -999 -999 -999 -999 -999 -999 -999 -999
-999 -999 -999 -999 -999 -999 -999 -999 -999 -999
-999 -999 -999 -999 -999 -999 -999 -999 -999 -999
-999 -999 -999 -999 -999 -999 -999 -999 -999 -999
-999 -999 -999 -999 -999 -999 -999 -999 -999 -999
-999 -999 -999 -999 -999 -999 -999 -999 -999 -999
0.0582573630219298 0.0207613796908821 0.0235830096204849 0.0437838868756936 -999 -999 -999 -999 -999 -999
0.0797541545195445 0.0238211945050537 0.0260159742583916 0.0462064653780034 -999 -999 -999 -999 -999 -999
0.0307677631581562 0.0418643441829403 0.0229790393230249 0.043777552351427 -999 -999 -999 -999 -999 -999
0.0594176516710982 0.0847877240149417 0.17533419893453 0.0434938139409222 -999 -999 -999 -999 -999 -999
0.0304080339597355 0.0415674655559183 0.0224992752215444 0.0374558189074162 -999 -999 -999 -999 -999 -999
0.0867395390319644 0.0854039902055809 0.311650465313638 0.0494626765949603 -999 -999 -999 -999 -999 -999
0.0739295101126141 0.0215091091914937 0.0244451116597892 0.103222669079335 -999 -999 -999 -999 -999 -999
0.0321851378250305 0.0606075135405555 0.0221141596429621 0.0412733550577297 -999 -999 -999 -999 -999 -999
0.065385537997377 0.134813301819488 0.0217682302172721 0.0842084628338976 -999 -999 -999 -999 -999 -999
0.229483248483601 0.0925439954493485 0.199708525139463 0.0662836203722539 -999 -999 -999 -999 -999 -999
0.0529840552177708 0.153022031979644 0.0224199306940652 0.126395086474955 -999 -999 -999 -999 -999 -999
0.0456016088854339 0.0203673726823169 0.055289457939663 0.0977985106658441 -999 -999 -999 -999 -999 -999
0.0823501915852104 0.0468336218711809 0.0236024406257761 0.0833547661105962 -999 -999 -999 -999 -999 -999
0.0727362045305336 0.172096955310655 0.0485901814093954 0.133283315356966 -999 -999 -999 -999 -999 -999
-999 -999 -999 -999 -999 -999 -999 -999 -999 -999
-999 -999 -999 -999 -999 -999 -999 -999 -999 -999
-999 -999 -999 -999 -999 -999 -999 -999 -999 -999
-999 -999 -999 -999 -999 -999 -999 -999 -999 -999
-999 -999 -999 -999 -999 -999 -999 -999 -999 -999
-999 -999 -999 -999 -999 -999 -999 -999 -999 -999
-999 -999 -999 -999 -999 -999 -999 -999 -999 -999
0.0378003663332372 0.316639164867242 0.629862215481423 0.0469675403223684 -999 -999 -999 -999 -999 -999
0.25981856360363 0.199926687570484 0.0298553277218047 0.294896000116463 -999 -999 -999 -999 -999 -999
0.0719536703182096 0.0617847417479086 0.0259772018535409 0.0808591049359499 -999 -999 -999 -999 -999 -999
0.0887921150712068 0.0212231704744284 0.0236825074401415 0.181163961295391 -999 -999 -999 -999 -999 -999
0.0646935405212941 0.0215645363112887 0.0228236019666849 0.0515384052461646 -999 -999 -999 -999 -999 -999
0.0593552907219599 0.0451794688138934 0.0241182582213675 0.0472836208677673 -999 -999 -999 -999 -999 -999
0.125090868769681 0.0207202148253645 0.027065227622403 0.058479525273045 -999 -999 -999 -999 -999 -999
0.0355807609913716 0.0236002260243729 0.0440375634579132 0.041350394418932 -999 -999 -999 -999 -999 -999
0.0365362773661649 0.0442427886953654 0.0234599635596555 0.0398839962135645 -999 -999 -999 -999 -999 -999
0.0624568715262946 0.0207696915075853 0.0242392778913603 0.0496773526872685 -999 -999 -999 -999 -999 -999
0.0916525161423425 0.0230737903874206 0.0267683562990854 0.0509374660061116 -999 -999 -999 -999 -999 -999
0.066269158634607 0.201275518774646 0.0981104984846209 0.0569626326169739 -999 -999 -999 -999 -999 -999
-999 -999 -999 -999 -999 -999 -999 -999 -999 -999
-999 -999 -999 -999 -999 -999 -999 -999 -999 -999
-999 -999 -999 -999 -999 -999 -999 -999 -999 -999
-999 -999 -999 -999 -999 -999 -999 -999 -999 -999
-999 -999 -999 -999 -999 -999 -999 -999 -999 -999
-999 -999 -999 -999 -999 -999 -999 -999 -999 -999
-999 -999 -999 -999 -999 -999 -999 -999 -999 -999
-999 -999 -999 -999 -999 -999 -999 -999 -999 -999
-999 -999 -999 -999 -999 -999 -999 -999 -999 -999
0.031870697352593 0.039619787296854 0.0209283804213522 0.0374211948791819 -999 -999 -999 -999 -999 -999
0.058455422400061 0.0213357141828977 0.0232949421036761 0.0438611976256489 -999 -999 -999 -999 -999 -999
0.0843866471662357 0.0200953213612507 0.0270410595521636 0.039677864739677 -999 -999 -999 -999 -999 -999
0.0317070251156056 0.0466506872438849 0.0226292091672741 0.0420117336367251 -999 -999 -999 -999 -999 -999
0.0336883432874671 0.121454583889767 0.0199714822039019 0.0361500675997597 -999 -999 -999 -999 -999 -999
0.0293188954866545 0.122918783200876 0.0417097185523138 0.0372825591891766 -999 -999 -999 -999 -999 -999
0.0803256243988095 0.0402079909185448 0.0880507755579965 0.0476902952221407 -999 -999 -999 -999 -999 -999
0.062103489117219 0.0599183597874763 0.0747911231045735 0.0719426683615828 -999 -999 -999 -999 -999 -999
0.116103919687049 0.116934655299295 0.38505957229613 0.109436786144863 -999 -999 -999 -999 -999 -999
0.148250594169214 0.257636672179644 0.0435368215885364 0.170153297107377 -999 -999 -999 -999 -999 -999
0.13410964578985 0.0398991126993418 0.0254647423492321 0.0808176645930172 -999 -999 -999 -999 -999 -999
0.0489113445842471 0.0210643651314355 0.0455438077587828 0.129256972742397 -999 -999 -999 -999 -999 -999
0.0391316228060586 0.0204763147442292 0.0204345579531482 0.0724547196663164 -999 -999 -999 -999 -999 -999
0.031664850257104 0.021071552864277 0.105454487767209 0.039428435542936 -999 -999 -999 -999 -999 -999
0.0699718783818321 0.0507160992002253 0.0560893196237094 0.0424145429492003 -999 -999 -999 -999 -999 -999
-999 -999 -999 -999 -999 -999 -999 -999 -999 -999
-999 -999 -999 -999 -999 -999 -999 -999 -999 -999
-999 -999 -999 -999 -999 -999 -999 -999 -999 -999
-999 -999 -999 -999 -999 -999 -999 -999 -999 -999
-999 -999 -999 -999 -999 -999 -999 -999 -999 -999
-999 -999 -999 -999 -999 -999 -999 -999 -999 -999
0.0557860187158496 0.0224203969673833 0.02257037407179 0.0432239759689133 -999 -999 -999 -999 -999 -999
0.0586520184673392 0.14850143614786 0.0229048519356934 0.0403276521950676 -999 -999 -999 -999 -999 -999
0.0991209557146911 0.101539754094117 0.178916195114353 0.106137670780432 -999 -999 -999 -999 -999 -999
0.0801525255692138 0.190957754599498 0.0895988586081105 0.047375912538736 -999 -999 -999 -999 -999 -999
0.130785263625582 0.0200963361926503 0.134873779899735 0.0531028821336203 -999 -999 -999 -999 -999 -999
0.0872349175474631 0.0625421221748284 0.044655150234823 0.187415311252577 -999 -999 -999 -999 -999 -999
0.127193023747951 0.120994360096588 0.305754126499954 0.142337920747391 -999 -999 -999 -999 -999 -999
0.0640644594869432 0.0190934232143154 0.0456790679899222 0.0719685125587722 -999 -999 -999 -999 -999 -999
0.030154128244109 0.104554477305323 0.0232459548519199 0.0370026898065276 -999 -999 -999 -999 -999 -999
0.0360757595843184 0.0210317568787318 0.0228801346225065 0.0636409951700737 -999 -999 -999 -999 -999 -999
0.0310125498541618 0.0586387412090528 0.0208789075830094 0.0409146133850847 -999 -999 -999 -999 -999 -999
0.0803848524763776 0.0190413574190839 0.0242366343280796 0.0431566953203574 -999 -999 -999 -999 -999 -999
0.0579286605842991 0.0200287923043881 0.021748518700529 0.046331697601434 -999 -999 -999 -999 -999 -999
0.0293475441029587 0.0408024793073404 0.0210284639392924 0.0385319854074774 -999 -999 -999 -999 -999 -999
0.0321073222787433 0.0497568120888389 0.0210289816202821 0.0385314851335356 -999 -999 -999 -999 -999 -999
-999 -999 -999 -999 -999 -999 -999 -999 -999 -999
-999 -999 -999 -999 -999 -999 -999 -999 -999 -999
-999 -999 -999 -999 -999 -999 -999 -999 -999 -999
-999 -999 -999 -999 -999 -999 -999 -999 -999 -999
-999 -999 -999 -999 -999 -999 -999 -999 -999 -999
-999 -999 -999 -999 -999 -999 -999 -999 -999 -999
0.0662126009824901 0.0171306157015245 0.0209415633694807 0.0366583192571375 -999 -999 -999 -999 -999 -999
0.0447798389028926 0.0370003979115673 0.0197406332583752 0.0354410199946873 -999 -999 -999 -999 -999 -999
0.02576872874672 0.129857115425011 0.0197748485278404 0.0308394111813111 -999 -999 -999 -999 -999 -999
0.0262759977973522 0.0196185937459302 0.0357454442353302 0.0303856248791745 -999 -999 -999 -999 -999 -999
0.0290388735988185 0.070532204128126 0.018062801648022 0.0292628641642984 -999 -999 -999 -999 -999 -999
0.0359030121298025 0.0519523388239395 0.0201385621523595 0.0533625516888644 -999 -999 -999 -999 -999 -999
0.0384938872440973 0.0178928936844605 0.0185150749430328 0.0772068192023749 -999 -999 -999 -999 -999 -999
0.0321700114023362 0.0188664212641535 0.0190541781568751 0.0594433090585677 -999 -999 -999 -999 -999 -999
0.12491897182858 0.0544163206976753 0.0638379603050671 0.0465875742058602 -999 -999 -999 -999 -999 -999
0.0905213072758189 0.0740512212487694 0.194056379581844 0.0641501914803787 -999 -999 -999 -999 -999 -999
0.0270240993283678 0.0889011967778198 0.0179672750329469 0.0310982563360664 -999 -999 -999 -999 -999 -999
0.0640633422336186 0.0174431016628807 0.040507277631283 0.0358970487150318 -999 -999 -999 -999 -999 -999
0.0503661616394146 0.0550106360880228 0.0199449228193617 0.0346578811525668 -999 -999 -999 -999 -999 -999
0.0294293149664855 0.071398002042792 0.018962326667407 0.0298813834240372 -999 -999 -999 -999 -999 -999
0.0277895815994907 0.0182188903041409 0.12033832721996 0.0319816666049538 -999 -999 -999 -999 -999 -999
0.0938109920211424 0.0379041395139884 0.223660156620625 0.0639595013718716 -999 -999 -999 -999 -999 -999
0.049822186712672 0.0541979066998629 0.019379322579101 0.128709796861497 -999 -999 -999 -999 -999 -999
0.0352525685546465 0.070914632173383 0.020515824565611 0.0688274012005068 -999 -999 -999 -999 -999 -999
0.0493337845236679 0.0192946895743083 0.0212418629387635 0.0372340425515121 -999 -999 -999 -999 -999 -999
0.0243562728784443 0.0181101853373142 0.0390794803249999 0.0315460838705381 -999 -999 -999 -999 -999 -999
0.0346684656331407 0.0572884971943293 0.0285357774217135 0.0428692527987639 -999 -999 -999 -999 -999 -999
0.0431014337283565 0.0794976410981085 0.0287382644093895 0.0590906357753238 -999 -999 -999 -999 -999 -999
0.343416399841094 0.523027471536197 0.495201674596208 0.484464319913472 -999 -999 -999 -999 -999 -999
0.392515704954891 0.232270118383044 0.362362205028109 0.193724082982784 -999 -999 -999 -999 -999 -999
0.110758856986837 0.0248397691509353 0.0320833963262652 0.0727921435905094 -999 -999 -999 -999 -999 -999
0.0401230195743054 0.0484496521560816 0.0274383282928078 0.0679782778471888 -999 -999 -999 -999 -999 -999
0.0700845849145164 0.091915347675633 0.0541761313472214 0.121950539890722 -999 -999 -999 -999 -999 -999
-999 -999 -999 -999 -999 -999 -999 -999 -999 -999
-999 -999 -999 -999 -999 -999 -999 -999 -999 -999
-999 -999 -999 -999 -999 -999 -999 -999 -999 -999
-999 -999 -999 -999 -999 -999 -999 -999 -999 -999
-999 -999 -999 -999 -999 -999 -999 -999 -999 -999
-999 -999 -999 -999 -999 -999 -999 -999 -999 -999
-999 -999 -999 -999 -999 -999 -999 -999 -999 -999
-999 -999 -999 -999 -999 -999 -999 -999 -999 -999
-999 -999 -999 -999 -999 -999 -999 -999 -999 -999
-999 -999 -999 -999 -999 -999 -999 -999 -999 -999
-999 -999 -999 -999 -999 -999 -999 -999 -999 -999
-999 -999 -999 -999 -999 -999 -999 -999 -999 -999
-999 -999 -999 -999 -999 -999 -999 -999 -999 -999
-999 -999 -999 -999 -999 -999 -999 -999 -999 -999
-999 -999 -999 -999 -999 -999 -999 -999 -999 -999
-999 -999 -999 -999 -999 -999 -999 -999 -999 -999
-999 -999 -999 -999 -999 -999 -999 -999 -999 -999
-999 -999 -999 -999 -999 -999 -999 -999 -999 -999
-999 -999 -999 -999 -999 -999 -999 -999 -999 -999
-999 -999 -999 -999 -999 -999 -999 -999 -999 -999
-999 -999 -999 -999 -999 -999 -999 -999 -999 -999
-999 -999 -999 -999 -999 -999 -999 -999 -999 -999
-999 -999 -999 -999 -999 -999 -999 -999 -999 -999
-999 -999 -999 -999 -999 -999 -999 -999 -999 -999
-999 -999 -999 -999 -999 -999 -999 -999 -999 -999
-999 -999 -999 -999 -999 -999 -999 -999 -999 -999
-999 -999 -999 -999 -999 -999 -999 -999 -999 -999
-999 -999 -999 -999 -999 -999 -999 -999 -999 -999
-999 -999 -999 -999 -999 -999 -999 -999 -999 -999
-999 -999 -999 -999 -999 -999 -999 -999 -999 -999
-999 -999 -999 -999 -999 -999 -999 -999 -999 -999
-999 -999 -999 -999 -999 -999 -999 -999 -999 -999
-999 -999 -999 -999 -999 -999 -999 -999 -999 -999
-999 -999 -999 -999 -999 -999 -999 -999 -999 -999
-999 -999 -999 -999 -999 -999 -999 -999 -999 -999
-999 -999 -999 -999 -999 -999 -999 -999 -999 -999
-999 -999 -999 -999 -999 -999 -999 -999 -999 -999
-999 -999 -999 -999 -999 -999 -999 -999 -999 -999
-999 -999 -999 -999 -999 -999 -999 -999 -999 -999
-999 -999 -999 -999 -999 -999 -999 -999 -999 -999
-999 -999 -999 -999 -999 -999 -999 -999 -999 -999
-999 -999 -999 -999 -999 -999 -999 -999 -999 -999
-999 -999 -999 -999 -999 -999 -999 -999 -999 -999
-999 -999 -999 -999 -999 -999 -999 -999 -999 -999
-999 -999 -999 -999 -999 -999 -999 -999 -999 -999
-999 -999 -999 -999 -999 -999 -999 -999 -999 -999
-999 -999 -999 -999 -999 -999 -999 -999 -999 -999
-999 -999 -999 -999 -999 -999 -999 -999 -999 -999
-999 -999 -999 -999 -999 -999 -999 -999 -999 -999
-999 -999 -999 -999 -999 -999 -999 -999 -999 -999
-999 -999 -999 -999 -999 -999 -999 -999 -999 -999
-999 -999 -999 -999 -999 -999 -999 -999 -999 -999
-999 -999 -999 -999 -999 -999 -999 -999 -999 -999
-999 -999 -999 -999 -999 -999 -999 -999 -999 -999
-999 -999 -999 -999 -999 -999 -999 -999 -999 -999
-999 -999 -999 -999 -999 -999 -999 -999 -999 -999
-999 -999 -999 -999 -999 -999 -999 -999 -999 -999
