527.988653356073 4549.91162263539 2
527.988653356073 4549.91162263539 2
527.988653356073 4549.91162263539 2
527.988653356073 4549.91162263539 2
527.988653356073 4549.91162263539 2
527.988653356073 4549.91162263539 2
527.988653356073 4549.91162263539 2
527.988653356073 4549.91162263539 2
527.988653356073 4549.91162263539 2
527.988653356073 4549.91162263539 2
527.988653356073 4549.91162263539 2
527.988653356073 4549.91162263539 2
527.988653356073 4549.91162263539 2
483.213622419128 4553.5740704624 4
483.213622419128 4553.5740704624 4
483.213622419128 4553.5740704624 4
483.213622419128 4553.5740704624 4
483.213622419128 4553.5740704624 4
483.213622419128 4553.5740704624 4
483.213622419128 4553.5740704624 4
483.213622419128 4553.5740704624 4
483.213622419128 4553.5740704624 4
483.213622419128 4553.5740704624 4
483.213622419128 4553.5740704624 4
483.213622419128 4553.5740704624 4
483.213622419128 4553.5740704624 4
483.213622419128 4553.5740704624 4
483.213622419128 4553.5740704624 4
483.213622419128 4553.5740704624 4
483.213622419128 4553.5740704624 4
546.022136622313 4575.90348420615 2
546.022136622313 4575.90348420615 2
589.053245479369 4592.95935070292 1
589.053245479369 4592.95935070292 1
589.053245479369 4592.95935070292 1
589.053245479369 4592.95935070292 1
589.053245479369 4592.95935070292 1
589.053245479369 4592.95935070292 1
542.847692443441 4640.65665926354 3
542.847692443441 4640.65665926354 3
542.847692443441 4640.65665926354 3
542.847692443441 4640.65665926354 3
542.847692443441 4640.65665926354 3
542.847692443441 4640.65665926354 3
542.847692443441 4640.65665926354 3
542.847692443441 4640.65665926354 3
542.847692443441 4640.65665926354 3
