21
23
22
21
21
17
13
11
10
8
12
9
9
12
15
15
11
9
10
12
10
8
4
8
7
7
11
11
13
11
13
13
10
7
7
5
6
8
6
6
7
7
5
5
6
4
6
6
7
5
4
4
6
7
6
9
7
6
8
7
5
7
10
15
15
10
6
6
7
7
7
9
6
7
7
9
12
14
15
21
22
24
23
25
23
25
26
26
24
25
30
34
35
33
35
35
36
35
38
36
43
42
38
34
35
32
34
39
35
35
28
24
29
25
23
27
23
25
22
18
20
20
18
20
19
19
25
27
30
35
29
32
30
33
35
33
33
30
24
23
25
27
29
33
32
30
25
24
27
33
29
28
26
24
22
21
23
21
24
28
27
24
22
21
20
19
18
18
19
18
20
22
17
11
11
10
16
17
16
16
14
12
11
10
14
11
13
12
12
16
14
15
8
9
5
5
6
6
6
4
5
8
5
4
5
6
9
5
7
7
7
6
5
5
6
4
5
6
7
9
10
9
8
9
10
9
12
10
8
9
9
14
10
7
5
5
6
6
6
5
4
7
10
5
7
5
5
6
4
7
9
9
8
6
7
9
13
13
12
11
8
6
5
4
4
5
6
8
6
9
6
10
12
10
12
9
8
5
6
5
6
6
7
7
8
9
14
11
8
8
8
10
11
10
13
12
10
11
15
16
14
22
21
21
21
16
14
16
16
11
15
15
17
21
24
26
25
30
31
26
27
23
26
24
27
31
31
34
34
30
33
31
34
32
31
28
31
30
30
32
31
33
34
33
29
29
34
38
44
45
42
42
44
45
48
48
48
48
46
47
47
49
44
41
42
44
45
50
44
46
49
56
57
61
65
68
66
67
62
64
58
57
56
51
57
51
44
38
33
34
38
34
36
35
40
38
38
37
37
39
43
42
38
34
32
28
30
34
32
32
30
31
29
25
28
27
28
31
30
30
31
32
31
28
26
23
20
22
22
19
17
21
20
16
14
16
16
20
20
14
16
12
12
11
10
7
8
9
11
11
9
9
9
12
14
9
7
10
9
9
8
11
8
10
11
12
15
12
14
14
15
20
14
12
13
16
17
18
17
14
12
11
12
13
10
13
15
13
12
12
13
10
13
13
10
11
12
10
9
11
10
15
8
10
10
10
11
14
21
18
19
17
15
14
10
5
8
7
5
7
8
11
7
7
5
6
5
7
5
7
5
6
6
7
5
5
4
8
7
4
4
6
7
7
4
7
6
4
5
4
4
4
5
9
10
10
9
7
8
7
9
7
8
8
5
6
5
4
4
4
7
8
6
4
8
8
5
6
6
7
6
5
6
7
6
6
8
4
4
6
6
6
6
5
5
5
7
7
11
14
15
16
17
18
15
11
15
16
15
16
14
15
14
14
14
12
9
14
22
22
22
26
27
30
28
27
28
25
26
28
26
27
30
31
33
31
30
27
28
25
18
18
16
13
15
17
14
15
19
19
20
15
13
11
13
10
8
7
7
6
6
5
5
5
6
8
9
8
7
5
4
4
5
9
8
6
8
9
8
8
8
7
7
8
8
9
8
7
8
7
8
10
12
16
18
16
16
16
18
19
22
21
23
24
24
22
23
26
22
26
32
33
30
32
30
32
37
39
38
37
34
33
31
35
37
39
34
37
34
34
34
34
30
36
31
27
31
31
27
26
22
24
25
26
27
27
27
30
25
26
26
28
35
36
38
37
42
42
42
43
43
42
41
41
42
38
35
30
31
30
32
34
32
32
37
34
31
29
24
22
21
20
17
19
20
16
13
13
15
16
19
21
17
14
14
8
13
9
9
10
12
9
9
8
10
12
13
11
11
9
9
8
10
13
10
13
13
11
10
12
11
11
10
12
11
13
14
12
9
6
6
6
4
6
6
9
12
12
11
18
17
17
14
13
10
11
9
8
7
6
7
8
7
5
6
8
7
9
9
7
7
4
5
8
7
9
7
5
5
4
5
5
6
5
5
5
4
4
4
5
4
5
5
5
4
4
4
4
4
4
6
8
9
6
10
11
8
4
4
4
8
9
10
7
6
5
5
7
6
6
4
4
4
4
5
4
5
5
5
4
4
6
6
5
7
4
4
3
3
5
3
5
8
7
4
5
5
5
8
7
11
11
8
7
7
8
5
4
5
6
6
6
6
6
8
6
7
7
4
5
5
4
6
6
6
6
8
11
15
16
17
15
14
16
15
11
10
11
14
14
9
8
8
7
9
7
9
7
6
5
8
9
11
7
7
9
8
7
8
11
