527.988653356073 4549.91162263539 0.121827411167513 0.210659898477157 0.154822335025381 0.512690355329949 0 0 0 0 0 0
527.988653356073 4549.91162263539 0.121827411167513 0.210659898477157 0.154822335025381 0.512690355329949 0 0 0 0 0 0
527.988653356073 4549.91162263539 0.121827411167513 0.210659898477157 0.154822335025381 0.512690355329949 0 0 0 0 0 0
527.988653356073 4549.91162263539 0.121827411167513 0.210659898477157 0.154822335025381 0.512690355329949 0 0 0 0 0 0
527.988653356073 4549.91162263539 0.121827411167513 0.210659898477157 0.154822335025381 0.512690355329949 0 0 0 0 0 0
527.988653356073 4549.91162263539 0.121827411167513 0.210659898477157 0.154822335025381 0.512690355329949 0 0 0 0 0 0
527.988653356073 4549.91162263539 0.121827411167513 0.210659898477157 0.154822335025381 0.512690355329949 0 0 0 0 0 0
527.988653356073 4549.91162263539 0.121827411167513 0.210659898477157 0.154822335025381 0.512690355329949 0 0 0 0 0 0
527.988653356073 4549.91162263539 0.121827411167513 0.210659898477157 0.154822335025381 0.512690355329949 0 0 0 0 0 0
527.988653356073 4549.91162263539 0.121827411167513 0.210659898477157 0.154822335025381 0.512690355329949 0 0 0 0 0 0
527.988653356073 4549.91162263539 0.121827411167513 0.210659898477157 0.154822335025381 0.512690355329949 0 0 0 0 0 0
527.988653356073 4549.91162263539 0.121827411167513 0.210659898477157 0.154822335025381 0.512690355329949 0 0 0 0 0 0
527.988653356073 4549.91162263539 0.121827411167513 0.210659898477157 0.154822335025381 0.512690355329949 0 0 0 0 0 0
483.213622419128 4553.5740704624 0.555837563451777 0.131979695431472 0.17005076142132 0.142131979695431 0 0 0 0 0 0
483.213622419128 4553.5740704624 0.555837563451777 0.131979695431472 0.17005076142132 0.142131979695431 0 0 0 0 0 0
483.213622419128 4553.5740704624 0.555837563451777 0.131979695431472 0.17005076142132 0.142131979695431 0 0 0 0 0 0
483.213622419128 4553.5740704624 0.555837563451777 0.131979695431472 0.17005076142132 0.142131979695431 0 0 0 0 0 0
483.213622419128 4553.5740704624 0.555837563451777 0.131979695431472 0.17005076142132 0.142131979695431 0 0 0 0 0 0
483.213622419128 4553.5740704624 0.555837563451777 0.131979695431472 0.17005076142132 0.142131979695431 0 0 0 0 0 0
483.213622419128 4553.5740704624 0.555837563451777 0.131979695431472 0.17005076142132 0.142131979695431 0 0 0 0 0 0
483.213622419128 4553.5740704624 0.555837563451777 0.131979695431472 0.17005076142132 0.142131979695431 0 0 0 0 0 0
483.213622419128 4553.5740704624 0.555837563451777 0.131979695431472 0.17005076142132 0.142131979695431 0 0 0 0 0 0
483.213622419128 4553.5740704624 0.555837563451777 0.131979695431472 0.17005076142132 0.142131979695431 0 0 0 0 0 0
483.213622419128 4553.5740704624 0.555837563451777 0.131979695431472 0.17005076142132 0.142131979695431 0 0 0 0 0 0
483.213622419128 4553.5740704624 0.555837563451777 0.131979695431472 0.17005076142132 0.142131979695431 0 0 0 0 0 0
483.213622419128 4553.5740704624 0.555837563451777 0.131979695431472 0.17005076142132 0.142131979695431 0 0 0 0 0 0
483.213622419128 4553.5740704624 0.555837563451777 0.131979695431472 0.17005076142132 0.142131979695431 0 0 0 0 0 0
483.213622419128 4553.5740704624 0.555837563451777 0.131979695431472 0.17005076142132 0.142131979695431 0 0 0 0 0 0
483.213622419128 4553.5740704624 0.555837563451777 0.131979695431472 0.17005076142132 0.142131979695431 0 0 0 0 0 0
483.213622419128 4553.5740704624 0.555837563451777 0.131979695431472 0.17005076142132 0.142131979695431 0 0 0 0 0 0
546.022136622313 4575.90348420615 0.121827411167513 0.210659898477157 0.154822335025381 0.512690355329949 0 0 0 0 0 0
546.022136622313 4575.90348420615 0.121827411167513 0.210659898477157 0.154822335025381 0.512690355329949 0 0 0 0 0 0
589.053245479369 4592.95935070292 0.17258883248731 0.16751269035533 0.5 0.15989847715736 0 0 0 0 0 0
589.053245479369 4592.95935070292 0.17258883248731 0.16751269035533 0.5 0.15989847715736 0 0 0 0 0 0
589.053245479369 4592.95935070292 0.17258883248731 0.16751269035533 0.5 0.15989847715736 0 0 0 0 0 0
589.053245479369 4592.95935070292 0.17258883248731 0.16751269035533 0.5 0.15989847715736 0 0 0 0 0 0
589.053245479369 4592.95935070292 0.17258883248731 0.16751269035533 0.5 0.15989847715736 0 0 0 0 0 0
589.053245479369 4592.95935070292 0.17258883248731 0.16751269035533 0.5 0.15989847715736 0 0 0 0 0 0
542.847692443441 4640.65665926354 0.129441624365482 0.484771573604061 0.180203045685279 0.205583756345178 0 0 0 0 0 0
542.847692443441 4640.65665926354 0.129441624365482 0.484771573604061 0.180203045685279 0.205583756345178 0 0 0 0 0 0
542.847692443441 4640.65665926354 0.129441624365482 0.484771573604061 0.180203045685279 0.205583756345178 0 0 0 0 0 0
542.847692443441 4640.65665926354 0.129441624365482 0.484771573604061 0.180203045685279 0.205583756345178 0 0 0 0 0 0
542.847692443441 4640.65665926354 0.129441624365482 0.484771573604061 0.180203045685279 0.205583756345178 0 0 0 0 0 0
542.847692443441 4640.65665926354 0.129441624365482 0.484771573604061 0.180203045685279 0.205583756345178 0 0 0 0 0 0
542.847692443441 4640.65665926354 0.129441624365482 0.484771573604061 0.180203045685279 0.205583756345178 0 0 0 0 0 0
542.847692443441 4640.65665926354 0.129441624365482 0.484771573604061 0.180203045685279 0.205583756345178 0 0 0 0 0 0
542.847692443441 4640.65665926354 0.129441624365482 0.484771573604061 0.180203045685279 0.205583756345178 0 0 0 0 0 0
