527.988855658511 4549.91191090713
527.988662322988 4549.91197287329
527.988351921359 4549.91133507872
527.988347948081 4549.91186022505
527.988442608517 4549.91165803896
527.988251270828 4549.91133130401
527.988506517745 4549.91160100948
527.988531522674 4549.91158872185
527.988502713237 4549.91164098987
527.988508098133 4549.9112415472
527.988466868787 4549.91197173416
527.989101038769 4549.91202246623
527.989089835102 4549.91126083812
483.214095424588 4553.57423420516
483.21316860913 4553.57363188508
483.213355792949 4553.57405621691
483.214028845806 4553.57455160519
483.213980578858 4553.57417227161
483.213520454224 4553.57410730986
483.213655086847 4553.57404722229
483.213796335988 4553.57409967201
483.213763564282 4553.57361822808
483.214036382196 4553.57361647439
483.213470990239 4553.57376802704
483.213785187009 4553.57400133509
483.213445341833 4553.57434176322
483.213798545507 4553.57389789065
483.213388056754 4553.5741986572
483.2137161949 4553.57394414509
483.213721855154 4553.57375507032
546.021875763969 4575.90348159953
546.022605490249 4575.90388747153
589.053441576588 4592.95973335122
589.05322014854 4592.9597966071
589.053530836503 4592.959496479
589.053521503952 4592.95899293209
589.052960960516 4592.9594748729
589.053312842489 4592.95973971386
542.848063836138 4640.65672789603
542.848103511541 4640.65673927383
542.847343824075 4640.6569994966
542.848060765274 4640.65641310322
542.847944166299 4640.65665812402
542.847770311302 4640.65632121225
542.847344069104 4640.6569405727
542.847521830678 4640.6568716426
542.847294980942 4640.65618264641
-999 -999
-999 -999
-999 -999
-999 -999
-999 -999
-999 -999
-999 -999
-999 -999
-999 -999
-999 -999
-999 -999
-999 -999
-999 -999
-999 -999
-999 -999
-999 -999
-999 -999
-999 -999
-999 -999
-999 -999
-999 -999
-999 -999
-999 -999
-999 -999
-999 -999
-999 -999
-999 -999
-999 -999
-999 -999
-999 -999
-999 -999
-999 -999
-999 -999
-999 -999
-999 -999
-999 -999
-999 -999
-999 -999
-999 -999
-999 -999
-999 -999
-999 -999
-999 -999
-999 -999
-999 -999
-999 -999
-999 -999
