0.0274937747599352 0.0185389010078319 0.0456939084016363 0.029881161570637 -999 -999 -999 -999 -999 -999
0.0282963651048107 0.0183819530895518 0.0182987420493932 0.0906574766602347 -999 -999 -999 -999 -999 -999
0.0285371798585357 0.0885383301500267 0.0183488984781567 0.0295672116871379 -999 -999 -999 -999 -999 -999
0.0275931805912598 0.0191525029180368 0.0917627028076597 0.0896289656213126 -999 -999 -999 -999 -999 -999
0.0566169036332869 0.0194854706513724 0.202195436802325 0.234721407399387 -999 -999 -999 -999 -999 -999
0.117890547654308 0.290496460066345 0.0186184592255612 0.0316179441310549 -999 -999 -999 -999 -999 -999
0.0852104069830667 0.0907952955378084 0.0197017852624982 0.0316077894057648 -999 -999 -999 -999 -999 -999
0.0254517788828478 0.0376054510631867 0.0188773070871658 0.0313719587952699 -999 -999 -999 -999 -999 -999
0.0281310286245217 0.0374278725454904 0.0190707827253222 0.0336216486879615 -999 -999 -999 -999 -999 -999
0.0273378148610191 0.0962345587155388 0.0549845085390682 0.028857293350083 -999 -999 -999 -999 -999 -999
0.0281644589659182 0.0193843288712308 0.0339257616648645 0.0272972876556826 -999 -999 -999 -999 -999 -999
0.0252608672127331 0.0188302355400185 0.108930392302167 0.0289988924521888 -999 -999 -999 -999 -999 -999
0.0302246820864254 0.0199301668956026 0.067083660237327 0.0301563028680178 -999 -999 -999 -999 -999 -999
0.0298161618979078 0.0375505293370762 0.0178550338812037 0.0333187998844975 -999 -999 -999 -999 -999 -999
0.0481010560435525 0.0197964224986172 0.0202186923395146 0.0267810021680067 -999 -999 -999 -999 -999 -999
0.0263429804087937 0.0195137284261374 0.0528285065587718 0.0312731555266509 -999 -999 -999 -999 -999 -999
0.0280654402516151 0.0192072524321219 0.0536905460710644 0.0280570831759679 -999 -999 -999 -999 -999 -999
0.051298808692707 0.0208181506052849 0.0533455931471105 0.0293975492336359 -999 -999 -999 -999 -999 -999
0.119603988764333 0.0239507134887694 0.0187639920758456 0.0304832589051726 -999 -999 -999 -999 -999 -999
0.0744997739350282 0.0210581235218708 0.0183764783870765 0.0297212429963987 -999 -999 -999 -999 -999 -999
0.0860628007873937 0.0633035526380817 0.047428811956268 0.0729825678249374 -999 -999 -999 -999 -999 -999
0.156708178192285 0.12438694187814 0.299590894805239 0.311655056421239 -999 -999 -999 -999 -999 -999
0.697037381535139 0.768961446024084 0.64851248203683 0.53298627107616 -999 -999 -999 -999 -999 -999
0.146254440272577 0.106651612097776 0.051896623157931 0.155358672502601 -999 -999 -999 -999 -999 -999
-999 -999 -999 -999 -999 -999 -999 -999 -999 -999
-999 -999 -999 -999 -999 -999 -999 -999 -999 -999
-999 -999 -999 -999 -999 -999 -999 -999 -999 -999
-999 -999 -999 -999 -999 -999 -999 -999 -999 -999
-999 -999 -999 -999 -999 -999 -999 -999 -999 -999
-999 -999 -999 -999 -999 -999 -999 -999 -999 -999
-999 -999 -999 -999 -999 -999 -999 -999 -999 -999
-999 -999 -999 -999 -999 -999 -999 -999 -999 -999
-999 -999 -999 -999 -999 -999 -999 -999 -999 -999
-999 -999 -999 -999 -999 -999 -999 -999 -999 -999
-999 -999 -999 -999 -999 -999 -999 -999 -999 -999
-999 -999 -999 -999 -999 -999 -999 -999 -999 -999
-999 -999 -999 -999 -999 -999 -999 -999 -999 -999
-999 -999 -999 -999 -999 -999 -999 -999 -999 -999
-999 -999 -999 -999 -999 -999 -999 -999 -999 -999
-999 -999 -999 -999 -999 -999 -999 -999 -999 -999
-999 -999 -999 -999 -999 -999 -999 -999 -999 -999
-999 -999 -999 -999 -999 -999 -999 -999 -999 -999
0.0538027925624052 0.0282180493052203 0.0835894311183561 0.0530864296528625 -999 -999 -999 -999 -999 -999
0.145746518863194 0.256460547344041 0.230160633045961 0.0556029867848354 -999 -999 -999 -999 -999 -999
0.485168002243157 0.384261161458317 0.298031422198215 0.60674768584891 -999 -999 -999 -999 -999 -999
0.130103451495186 0.219745471459396 0.102500855048177 0.0533229082689242 -999 -999 -999 -999 -999 -999
0.0545362323878564 0.0270024799142024 0.0483627864256714 0.0584096446781593 -999 -999 -999 -999 -999 -999
0.130643002448201 0.0843122905188237 0.237354872163619 0.172830344766308 -999 -999 -999 -999 -999 -999
-999 -999 -999 -999 -999 -999 -999 -999 -999 -999
-999 -999 -999 -999 -999 -999 -999 -999 -999 -999
-999 -999 -999 -999 -999 -999 -999 -999 -999 -999
-999 -999 -999 -999 -999 -999 -999 -999 -999 -999
-999 -999 -999 -999 -999 -999 -999 -999 -999 -999
-999 -999 -999 -999 -999 -999 -999 -999 -999 -999
-999 -999 -999 -999 -999 -999 -999 -999 -999 -999
-999 -999 -999 -999 -999 -999 -999 -999 -999 -999
-999 -999 -999 -999 -999 -999 -999 -999 -999 -999
-999 -999 -999 -999 -999 -999 -999 -999 -999 -999
-999 -999 -999 -999 -999 -999 -999 -999 -999 -999
-999 -999 -999 -999 -999 -999 -999 -999 -999 -999
-999 -999 -999 -999 -999 -999 -999 -999 -999 -999
-999 -999 -999 -999 -999 -999 -999 -999 -999 -999
-999 -999 -999 -999 -999 -999 -999 -999 -999 -999
0.0677491654608158 0.0259834331414622 0.373935789009665 0.0882579668466837 -999 -999 -999 -999 -999 -999
0.13263459285118 0.0838063212979729 0.0634733278516055 0.0446283547589931 -999 -999 -999 -999 -999 -999
0.118433344348882 0.0261347709057997 0.0644669241142259 0.0384492394912503 -999 -999 -999 -999 -999 -999
0.0719906394391595 0.0502307502911088 0.0659994132142383 0.226881128584795 -999 -999 -999 -999 -999 -999
0.0392835670700616 0.0249350705451776 0.0488229624057444 0.0448933878259914 -999 -999 -999 -999 -999 -999
0.0384860524075716 0.0212323144131425 0.110430306926466 0.0425578794518158 -999 -999 -999 -999 -999 -999
0.135966966969055 0.0297099431160301 0.0204103275953803 0.0415049144867756 -999 -999 -999 -999 -999 -999
0.0705605002411857 0.0218767381491297 0.0440484021796512 0.253850695033737 -999 -999 -999 -999 -999 -999
0.201709134475912 0.54131167573956 0.153596401388968 0.131330281897492 -999 -999 -999 -999 -999 -999
0.0394065839216646 0.0502203472086859 0.0235241130310963 0.0443673540296876 -999 -999 -999 -999 -999 -999
0.0837794528145119 0.12455863519193 0.0312920322829589 0.0432787975927789 -999 -999 -999 -999 -999 -999
-999 -999 -999 -999 -999 -999 -999 -999 -999 -999
-999 -999 -999 -999 -999 -999 -999 -999 -999 -999
-999 -999 -999 -999 -999 -999 -999 -999 -999 -999
-999 -999 -999 -999 -999 -999 -999 -999 -999 -999
-999 -999 -999 -999 -999 -999 -999 -999 -999 -999
-999 -999 -999 -999 -999 -999 -999 -999 -999 -999
-999 -999 -999 -999 -999 -999 -999 -999 -999 -999
-999 -999 -999 -999 -999 -999 -999 -999 -999 -999
-999 -999 -999 -999 -999 -999 -999 -999 -999 -999
-999 -999 -999 -999 -999 -999 -999 -999 -999 -999
0.0578771103801934 0.0235178020240073 0.0179589255669536 0.0361595088723611 -999 -999 -999 -999 -999 -999
0.0329217410494938 0.0200122010359416 0.039902200742733 0.0381283270988097 -999 -999 -999 -999 -999 -999
0.0334415232648496 0.0203707622140696 0.162618579596058 0.0375481515471024 -999 -999 -999 -999 -999 -999
0.0641409692760221 0.0219712866407295 0.0459608473940233 0.0362686502753376 -999 -999 -999 -999 -999 -999
0.0603829022208157 0.0221515219773633 0.0209329544897003 0.0329218510526161 -999 -999 -999 -999 -999 -999
0.0859148591466738 0.0231716374457821 0.021459321287566 0.0381249605666969 -999 -999 -999 -999 -999 -999
0.0995688871494104 0.391594874945348 0.097161618219441 0.0367208991680842 -999 -999 -999 -999 -999 -999
0.0309823702176513 0.0227258758388448 0.218385096162229 0.033095187347463 -999 -999 -999 -999 -999 -999
0.194681862251554 0.149960001952628 0.0184361444775714 0.0340504393135702 -999 -999 -999 -999 -999 -999
0.0318879006488027 0.0209407621402973 0.0201795437399835 0.0834588527176096 -999 -999 -999 -999 -999 -999
0.0311090704299901 0.0469262872534524 0.0208154999361439 0.0342549593218125 -999 -999 -999 -999 -999 -999
0.0325757899126994 0.0208920100464883 0.0796457631755016 0.0367582941247892 -999 -999 -999 -999 -999 -999
0.0301438059562177 0.0219863677594649 0.100818499842328 0.0381026523755035 -999 -999 -999 -999 -999 -999
0.0596560292515522 0.0212748508374451 0.070966332971639 0.170373596070259 -999 -999 -999 -999 -999 -999
0.0332109440926803 0.0217703898031571 0.0208643131631649 0.163060744020621 -999 -999 -999 -999 -999 -999
0.121504234751393 0.150733368084981 0.0438943592349619 0.150972926127363 -999 -999 -999 -999 -999 -999
-999 -999 -999 -999 -999 -999 -999 -999 -999 -999
-999 -999 -999 -999 -999 -999 -999 -999 -999 -999
-999 -999 -999 -999 -999 -999 -999 -999 -999 -999
-999 -999 -999 -999 -999 -999 -999 -999 -999 -999
-999 -999 -999 -999 -999 -999 -999 -999 -999 -999
0.0399785466451014 0.0225026496158535 0.131884512547665 0.0415009347666653 -999 -999 -999 -999 -999 -999
0.190341788935517 0.19302626097973 0.290364348467753 0.0896437368899725 -999 -999 -999 -999 -999 -999
0.0361933423117749 0.0239906288622704 0.10985152654962 0.0380405131145459 -999 -999 -999 -999 -999 -999
0.0368199075661129 0.021598791386247 0.0447551251480029 0.0435364511836442 -999 -999 -999 -999 -999 -999
0.0381917832398351 0.252011952920786 0.171749826515023 0.166426719392421 -999 -999 -999 -999 -999 -999
0.163075912176374 0.0524790803896176 0.0833828867026423 0.350601789192131 -999 -999 -999 -999 -999 -999
0.0802941917686604 0.0270397169109015 0.0240011151776886 0.0442317623481856 -999 -999 -999 -999 -999 -999
0.0975642487098223 0.25170382221173 0.0192027808002046 0.0445762105114177 -999 -999 -999 -999 -999 -999
0.0795682810704389 0.0600648885508464 0.0222569251700485 0.0418758598491962 -999 -999 -999 -999 -999 -999
0.0663969668310028 0.0251887459737684 0.0405519468417821 0.0399497659033907 -999 -999 -999 -999 -999 -999
0.0950054856368358 0.0264740944075745 0.0229951746080205 0.0414329964216658 -999 -999 -999 -999 -999 -999
0.0765695451085246 0.0439193677906756 0.0390038314715493 0.0581832604267646 -999 -999 -999 -999 -999 -999
-999 -999 -999 -999 -999 -999 -999 -999 -999 -999
-999 -999 -999 -999 -999 -999 -999 -999 -999 -999
-999 -999 -999 -999 -999 -999 -999 -999 -999 -999
-999 -999 -999 -999 -999 -999 -999 -999 -999 -999
-999 -999 -999 -999 -999 -999 -999 -999 -999 -999
-999 -999 -999 -999 -999 -999 -999 -999 -999 -999
-999 -999 -999 -999 -999 -999 -999 -999 -999 -999
-999 -999 -999 -999 -999 -999 -999 -999 -999 -999
-999 -999 -999 -999 -999 -999 -999 -999 -999 -999
0.0641298935284141 0.0224912474184379 0.0200926024502611 0.0395908190259831 -999 -999 -999 -999 -999 -999
0.0887487946486427 0.0262037844186965 0.0203591176227798 0.0404004610361346 -999 -999 -999 -999 -999 -999
0.0354418782741849 0.0222634427864436 0.0418826492828173 0.0387256634189421 -999 -999 -999 -999 -999 -999
0.0671349549995321 0.177444599697407 0.0789857187073594 0.0392789719825972 -999 -999 -999 -999 -999 -999
0.0358450368785851 0.0221305124551974 0.0427729063785147 0.0367126063794922 -999 -999 -999 -999 -999 -999
0.0912782857447303 0.313716594627111 0.0899243007993801 0.0450823039771736 -999 -999 -999 -999 -999 -999
0.0629100128958351 0.0239538191633715 0.0206001136369347 0.110086463297769 -999 -999 -999 -999 -999 -999
0.0364043976027555 0.0187684897752361 0.0629407796885198 0.03697449842516 -999 -999 -999 -999 -999 -999
0.0636390307244231 0.0239793456532515 0.138089116297814 0.0883737170230922 -999 -999 -999 -999 -999 -999
0.252826911801524 0.201433520212357 0.0919920725051641 0.038115629599106 -999 -999 -999 -999 -999 -999
0.0347034532817981 0.0227861129068244 0.153017757316307 0.144623131240668 -999 -999 -999 -999 -999 -999
0.033894099125978 0.0527292162960183 0.021622164097667 0.113591096216036 -999 -999 -999 -999 -999 -999
0.0771377501624275 0.0228504648381359 0.0461723427277514 0.0871856711692441 -999 -999 -999 -999 -999 -999
0.0559055003311699 0.0492488497515127 0.171548358488729 0.141258967208602 -999 -999 -999 -999 -999 -999
-999 -999 -999 -999 -999 -999 -999 -999 -999 -999
-999 -999 -999 -999 -999 -999 -999 -999 -999 -999
-999 -999 -999 -999 -999 -999 -999 -999 -999 -999
-999 -999 -999 -999 -999 -999 -999 -999 -999 -999
-999 -999 -999 -999 -999 -999 -999 -999 -999 -999
-999 -999 -999 -999 -999 -999 -999 -999 -999 -999
-999 -999 -999 -999 -999 -999 -999 -999 -999 -999
0.0370203787751809 0.616845078464473 0.31642788229306 0.0426877344263116 -999 -999 -999 -999 -999 -999
0.225306712187144 0.0304565857987522 0.196863334010468 0.318419245462096 -999 -999 -999 -999 -999 -999
0.0652872516258864 0.0226488076174786 0.0638432246135015 0.0850721208661869 -999 -999 -999 -999 -999 -999
0.0679494960492407 0.0238780107908633 0.0241680444983982 0.207631660833804 -999 -999 -999 -999 -999 -999
0.068644842124895 0.0267415264740024 0.0197626054734651 0.040790236845187 -999 -999 -999 -999 -999 -999
0.0712564464636682 0.0248881814894295 0.0442344445847395 0.0422152344441963 -999 -999 -999 -999 -999 -999
0.153996402780888 0.0290357040623369 0.0204419538528934 0.0406555526954381 -999 -999 -999 -999 -999 -999
0.0373551893752304 0.0456725044857566 0.0214270941060736 0.0429052349696209 -999 -999 -999 -999 -999 -999
0.035474507566881 0.0237970503392899 0.0434848973431512 0.0416375633861351 -999 -999 -999 -999 -999 -999
0.0670274994303072 0.0254045627219928 0.0230943509145033 0.0451552693428427 -999 -999 -999 -999 -999 -999
0.0986269034642987 0.026068226180089 0.0214763869333847 0.0420754772035885 -999 -999 -999 -999 -999 -999
0.0720543701563798 0.104563761575536 0.204775781376361 0.0507546695245934 -999 -999 -999 -999 -999 -999
-999 -999 -999 -999 -999 -999 -999 -999 -999 -999
-999 -999 -999 -999 -999 -999 -999 -999 -999 -999
-999 -999 -999 -999 -999 -999 -999 -999 -999 -999
-999 -999 -999 -999 -999 -999 -999 -999 -999 -999
-999 -999 -999 -999 -999 -999 -999 -999 -999 -999
-999 -999 -999 -999 -999 -999 -999 -999 -999 -999
-999 -999 -999 -999 -999 -999 -999 -999 -999 -999
-999 -999 -999 -999 -999 -999 -999 -999 -999 -999
-999 -999 -999 -999 -999 -999 -999 -999 -999 -999
0.0340112376339892 0.02004612178276 0.0421075735940847 0.0378168477052845 -999 -999 -999 -999 -999 -999
0.0614346251705831 0.0232396975974458 0.0202311625190152 0.0367900922294083 -999 -999 -999 -999 -999 -999
0.0876738761865197 0.024304882628732 0.0219451413830573 0.0345609474297711 -999 -999 -999 -999 -999 -999
0.0350754810871117 0.0222089851855166 0.0391647438084607 0.0368360706647632 -999 -999 -999 -999 -999 -999
0.0320529434604259 0.0209329007518557 0.130641512850866 0.0399779712359493 -999 -999 -999 -999 -999 -999
0.0341436446923816 0.0432080688545117 0.124554674947131 0.0352076672274566 -999 -999 -999 -999 -999 -999
0.0962273620163485 0.086126169949336 0.0387081345049995 0.0377735211555761 -999 -999 -999 -999 -999 -999
0.0596236609213546 0.0776630937155846 0.0635395660997923 0.0754995025119528 -999 -999 -999 -999 -999 -999
0.108491262462904 0.368477494892282 0.112333967295645 0.106516979408322 -999 -999 -999 -999 -999 -999
0.131648134193887 0.0489921764361609 0.257334641023141 0.189976805169528 -999 -999 -999 -999 -999 -999
0.141618175653189 0.0307897671761189 0.0399021414900737 0.0743709437287842 -999 -999 -999 -999 -999 -999
0.0336856842714211 0.0472219061061201 0.0196772177792657 0.149057914971928 -999 -999 -999 -999 -999 -999
0.0343087241703042 0.0227827136162593 0.0214226629651913 0.0724337083562072 -999 -999 -999 -999 -999 -999
0.0306208044173299 0.102064960845412 0.0188968834886563 0.0355531556700307 -999 -999 -999 -999 -999 -999
0.07938438366225 0.0619410604619033 0.0495399762506225 0.037627872535038 -999 -999 -999 -999 -999 -999
-999 -999 -999 -999 -999 -999 -999 -999 -999 -999
-999 -999 -999 -999 -999 -999 -999 -999 -999 -999
-999 -999 -999 -999 -999 -999 -999 -999 -999 -999
-999 -999 -999 -999 -999 -999 -999 -999 -999 -999
-999 -999 -999 -999 -999 -999 -999 -999 -999 -999
-999 -999 -999 -999 -999 -999 -999 -999 -999 -999
0.0635233179151541 0.0248238225165798 0.0221898356290989 0.0357249455598628 -999 -999 -999 -999 -999 -999
0.0633245727251553 0.0224179040926267 0.151051607235257 0.0341882044141131 -999 -999 -999 -999 -999 -999
0.0877554772531162 0.176207769295185 0.102464662727691 0.101901068856007 -999 -999 -999 -999 -999 -999
0.0875300009161882 0.0881352263589023 0.193567063931592 0.0375085828028025 -999 -999 -999 -999 -999 -999
0.14346002587986 0.137983111104438 0.0223425858067415 0.0378163584162936 -999 -999 -999 -999 -999 -999
0.063334195706795 0.0425540973427499 0.0604083856305836 0.225775006539792 -999 -999 -999 -999 -999 -999
0.119932713805563 0.310751829773268 0.122961666131127 0.154121447133373 -999 -999 -999 -999 -999 -999
0.057972822368655 0.0470668150646913 0.0200346694732658 0.0759657468510736 -999 -999 -999 -999 -999 -999
0.0355663066540503 0.0206987493166675 0.099455924820073 0.0372934845066392 -999 -999 -999 -999 -999 -999
0.0333911056231231 0.0204026062474882 0.0198118065102518 0.0733653493978115 -999 -999 -999 -999 -999 -999
0.0341769180155119 0.0226281906536833 0.0588697370206954 0.0347095056516996 -999 -999 -999 -999 -999 -999
0.0859124461332064 0.0244833469617213 0.0192191433486246 0.0384972321050512 -999 -999 -999 -999 -999 -999
0.0578454150317049 0.02041135373139 0.0203288886382103 0.0398169612380368 -999 -999 -999 -999 -999 -999
0.0337815998697941 0.0202769037475963 0.0420426074001571 0.036937184467027 -999 -999 -999 -999 -999 -999
0.0324930821021226 0.0211582737930135 0.045251415696631 0.0363789220604172 -999 -999 -999 -999 -999 -999
-999 -999 -999 -999 -999 -999 -999 -999 -999 -999
-999 -999 -999 -999 -999 -999 -999 -999 -999 -999
-999 -999 -999 -999 -999 -999 -999 -999 -999 -999
-999 -999 -999 -999 -999 -999 -999 -999 -999 -999
-999 -999 -999 -999 -999 -999 -999 -999 -999 -999
-999 -999 -999 -999 -999 -999 -999 -999 -999 -999
0.0761706940348879 0.023393243123417 0.0195157874943219 0.0295462462403835 -999 -999 -999 -999 -999 -999
0.0529036551161524 0.0202569109810689 0.034101178891674 0.0280674733750352 -999 -999 -999 -999 -999 -999
0.0256194587922231 0.0201059075674363 0.128113817917788 0.0298940382895187 -999 -999 -999 -999 -999 -999
0.0281848696290694 0.0388102863860945 0.0181536600265106 0.0278302766484914 -999 -999 -999 -999 -999 -999
0.0266142532571439 0.01863341643619 0.0714061666743733 0.0321275892705875 -999 -999 -999 -999 -999 -999
0.0284645663807722 0.0182289183047476 0.0537093658325478 0.0656064280428468 -999 -999 -999 -999 -999 -999
0.0281894377889095 0.0187498234161251 0.0178815762470435 0.0897792868267224 -999 -999 -999 -999 -999 -999
0.0260930247504179 0.0206592649500217 0.0183351870143212 0.0628509875906609 -999 -999 -999 -999 -999 -999
0.143904578779642 0.0633300669075703 0.0539177525508373 0.031076307657023 -999 -999 -999 -999 -999 -999
0.0881821513186036 0.196157383236356 0.0743824872901734 0.0594964864173983 -999 -999 -999 -999 -999 -999
0.0272500528306651 0.0189479926764745 0.0919459390682248 0.0271666946050673 -999 -999 -999 -999 -999 -999
0.072866743111502 0.0404619232815539 0.0176836111214918 0.0284702523703376 -999 -999 -999 -999 -999 -999
0.0464945221284429 0.0201553810625825 0.0517335276197064 0.0321906002278306 -999 -999 -999 -999 -999 -999
0.0281534260947752 0.0190045526521077 0.0734335079178768 0.0316649905335019 -999 -999 -999 -999 -999 -999
0.0278908911529291 0.111790258067188 0.0167939669667977 0.0302873091472173 -999 -999 -999 -999 -999 -999
0.0990046501947021 0.225683805730294 0.0383626964786424 0.0602797805023613 -999 -999 -999 -999 -999 -999
0.0271626794811117 0.019277311173793 0.0550687529371456 0.152759702286301 -999 -999 -999 -999 -999 -999
0.0275722361863804 0.0197108423617155 0.0753175410813921 0.0751893186998245 -999 -999 -999 -999 -999 -999
0.0526413712888012 0.0214905936677028 0.0183925302919516 0.0296181053255502 -999 -999 -999 -999 -999 -999
0.0291354200973805 0.0378125770503685 0.01697171104334 0.0295966708226982 -999 -999 -999 -999 -999 -999
0.0375013175854884 0.0273395409671916 0.0547792355338399 0.046501455120642 -999 -999 -999 -999 -999 -999
0.0553518007586856 0.0266931531668852 0.07657267006328 0.0535174528154058 -999 -999 -999 -999 -999 -999
0.265774413788101 0.501006706479592 0.531934280291295 0.553087994206589 -999 -999 -999 -999 -999 -999
0.413494868681737 0.360266459870415 0.226347100814279 0.172672553316721 -999 -999 -999 -999 -999 -999
0.130968232076476 0.0319861452326287 0.0244500707297401 0.0525889651811135 -999 -999 -999 -999 -999 -999
0.0511443993584828 0.0284792176291854 0.0469762369148617 0.0616086311791954 -999 -999 -999 -999 -999 -999
0.0832662853365174 0.0515683176212942 0.0937196411865436 0.106524403300975 -999 -999 -999 -999 -999 -999
-999 -999 -999 -999 -999 -999 -999 -999 -999 -999
-999 -999 -999 -999 -999 -999 -999 -999 -999 -999
-999 -999 -999 -999 -999 -999 -999 -999 -999 -999
-999 -999 -999 -999 -999 -999 -999 -999 -999 -999
-999 -999 -999 -999 -999 -999 -999 -999 -999 -999
-999 -999 -999 -999 -999 -999 -999 -999 -999 -999
-999 -999 -999 -999 -999 -999 -999 -999 -999 -999
-999 -999 -999 -999 -999 -999 -999 -999 -999 -999
-999 -999 -999 -999 -999 -999 -999 -999 -999 -999
-999 -999 -999 -999 -999 -999 -999 -999 -999 -999
-999 -999 -999 -999 -999 -999 -999 -999 -999 -999
-999 -999 -999 -999 -999 -999 -999 -999 -999 -999
-999 -999 -999 -999 -999 -999 -999 -999 -999 -999
-999 -999 -999 -999 -999 -999 -999 -999 -999 -999
-999 -999 -999 -999 -999 -999 -999 -999 -999 -999
-999 -999 -999 -999 -999 -999 -999 -999 -999 -999
-999 -999 -999 -999 -999 -999 -999 -999 -999 -999
-999 -999 -999 -999 -999 -999 -999 -999 -999 -999
-999 -999 -999 -999 -999 -999 -999 -999 -999 -999
-999 -999 -999 -999 -999 -999 -999 -999 -999 -999
-999 -999 -999 -999 -999 -999 -999 -999 -999 -999
-999 -999 -999 -999 -999 -999 -999 -999 -999 -999
-999 -999 -999 -999 -999 -999 -999 -999 -999 -999
-999 -999 -999 -999 -999 -999 -999 -999 -999 -999
-999 -999 -999 -999 -999 -999 -999 -999 -999 -999
-999 -999 -999 -999 -999 -999 -999 -999 -999 -999
-999 -999 -999 -999 -999 -999 -999 -999 -999 -999
-999 -999 -999 -999 -999 -999 -999 -999 -999 -999
-999 -999 -999 -999 -999 -999 -999 -999 -999 -999
-999 -999 -999 -999 -999 -999 -999 -999 -999 -999
-999 -999 -999 -999 -999 -999 -999 -999 -999 -999
-999 -999 -999 -999 -999 -999 -999 -999 -999 -999
-999 -999 -999 -999 -999 -999 -999 -999 -999 -999
-999 -999 -999 -999 -999 -999 -999 -999 -999 -999
-999 -999 -999 -999 -999 -999 -999 -999 -999 -999
-999 -999 -999 -999 -999 -999 -999 -999 -999 -999
-999 -999 -999 -999 -999 -999 -999 -999 -999 -999
-999 -999 -999 -999 -999 -999 -999 -999 -999 -999
-999 -999 -999 -999 -999 -999 -999 -999 -999 -999
-999 -999 -999 -999 -999 -999 -999 -999 -999 -999
-999 -999 -999 -999 -999 -999 -999 -999 -999 -999
-999 -999 -999 -999 -999 -999 -999 -999 -999 -999
-999 -999 -999 -999 -999 -999 -999 -999 -999 -999
-999 -999 -999 -999 -999 -999 -999 -999 -999 -999
-999 -999 -999 -999 -999 -999 -999 -999 -999 -999
-999 -999 -999 -999 -999 -999 -999 -999 -999 -999
-999 -999 -999 -999 -999 -999 -999 -999 -999 -999
-999 -999 -999 -999 -999 -999 -999 -999 -999 -999
-999 -999 -999 -999 -999 -999 -999 -999 -999 -999
-999 -999 -999 -999 -999 -999 -999 -999 -999 -999
-999 -999 -999 -999 -999 -999 -999 -999 -999 -999
-999 -999 -999 -999 -999 -999 -999 -999 -999 -999
-999 -999 -999 -999 -999 -999 -999 -999 -999 -999
-999 -999 -999 -999 -999 -999 -999 -999 -999 -999
-999 -999 -999 -999 -999 -999 -999 -999 -999 -999
-999 -999 -999 -999 -999 -999 -999 -999 -999 -999
-999 -999 -999 -999 -999 -999 -999 -999 -999 -999
