527.988653356073 4549.91162263539 4
527.988653356073 4549.91162263539 4
527.988653356073 4549.91162263539 4
527.988653356073 4549.91162263539 4
527.988653356073 4549.91162263539 4
527.988653356073 4549.91162263539 4
527.988653356073 4549.91162263539 4
527.988653356073 4549.91162263539 4
527.988653356073 4549.91162263539 4
527.988653356073 4549.91162263539 4
527.988653356073 4549.91162263539 4
527.988653356073 4549.91162263539 4
527.988653356073 4549.91162263539 4
483.213622419128 4553.5740704624 3
483.213622419128 4553.5740704624 3
483.213622419128 4553.5740704624 3
483.213622419128 4553.5740704624 3
483.213622419128 4553.5740704624 3
483.213622419128 4553.5740704624 3
483.213622419128 4553.5740704624 3
483.213622419128 4553.5740704624 3
483.213622419128 4553.5740704624 3
483.213622419128 4553.5740704624 3
483.213622419128 4553.5740704624 3
483.213622419128 4553.5740704624 3
483.213622419128 4553.5740704624 3
483.213622419128 4553.5740704624 3
483.213622419128 4553.5740704624 3
483.213622419128 4553.5740704624 3
483.213622419128 4553.5740704624 3
546.022136622313 4575.90348420615 4
546.022136622313 4575.90348420615 4
589.053245479369 4592.95935070292 1
589.053245479369 4592.95935070292 1
589.053245479369 4592.95935070292 1
589.053245479369 4592.95935070292 1
589.053245479369 4592.95935070292 1
589.053245479369 4592.95935070292 1
542.847692443441 4640.65665926354 2
542.847692443441 4640.65665926354 2
542.847692443441 4640.65665926354 2
542.847692443441 4640.65665926354 2
542.847692443441 4640.65665926354 2
542.847692443441 4640.65665926354 2
542.847692443441 4640.65665926354 2
542.847692443441 4640.65665926354 2
542.847692443441 4640.65665926354 2
