29
24
20
21
16
16
16
18
16
16
16
16
17
20
20
18
22
23
22
22
24
26
26
27
27
29
24
27
25
20
28
28
30
25
20
20
20
20
22
24
18
17
18
18
14
18
19
18
18
18
20
18
17
15
19
19
16
17
20
17
18
15
17
16
13
13
12
15
15
18
20
15
12
11
14
15
12
14
16
19
15
14
16
20
20
21
21
21
17
16
15
15
14
12
5
8
11
13
14
13
12
14
10
6
7
7
5
6
7
9
7
11
13
17
18
19
22
26
20
18
19
18
22
19
24
22
24
22
20
18
18
14
8
8
9
10
10
6
4
3
3
4
6
8
6
7
5
4
6
8
10
9
6
6
5
5
5
4
7
6
8
7
5
7
9
6
5
6
9
7
10
7
6
5
6
6
7
8
7
6
11
8
11
10
7
11
9
11
10
11
13
14
11
15
15
11
10
9
10
8
10
6
5
5
4
4
5
4
4
7
11
9
6
6
6
7
6
8
10
7
7
12
14
17
14
12
10
13
19
16
16
15
17
17
15
11
11
10
9
10
9
8
8
5
5
5
7
8
9
10
10
9
14
11
12
13
14
16
22
24
32
33
37
34
33
33
28
31
28
27
29
31
32
29
24
23
20
22
23
22
19
20
20
24
22
17
16
19
20
15
13
10
8
5
5
6
4
5
7
5
4
5
5
4
4
6
9
7
9
7
5
4
4
4
7
5
5
5
7
6
8
5
5
7
9
6
5
9
5
6
10
9
7
10
13
14
16
13
8
11
12
11
11
12
10
11
13
14
7
9
7
7
8
6
6
7
6
7
8
9
7
6
6
11
6
6
7
7
6
5
5
6
6
5
6
5
6
7
6
6
7
10
9
8
8
9
7
8
7
7
5
6
9
7
9
7
5
6
5
5
6
8
13
10
11
6
6
7
5
4
4
6
5
8
6
6
7
8
9
8
7
6
4
4
4
4
5
8
9
8
6
11
11
9
6
7
5
8
9
8
10
8
7
5
3
5
7
8
5
7
9
11
11
12
12
11
12
8
8
7
8
10
12
8
8
5
4
4
5
7
7
9
12
13
15
14
17
18
20
19
15
16
17
21
18
15
13
15
8
14
17
19
20
19
17
17
17
18
20
19
22
19
16
22
20
20
18
21
20
23
23
21
24
25
25
22
19
18
15
17
14
11
12
12
12
14
16
19
20
18
16
18
17
17
16
12
11
12
13
14
12
12
11
11
12
10
8
5
10
7
9
10
9
12
10
10
7
7
6
4
5
4
7
5
6
5
6
7
7
7
8
5
4
6
5
4
5
8
6
8
7
6
6
4
4
6
5
4
5
5
6
8
8
8
6
4
4
6
6
6
6
6
5
6
6
5
7
4
5
6
6
8
7
7
7
8
8
13
12
17
14
12
12
14
12
13
11
9
12
13
16
18
16
18
20
20
18
14
16
15
13
14
13
16
15
11
11
13
16
16
17
19
17
20
19
22
18
18
21
23
24
25
24
27
24
22
24
24
28
29
27
21
21
22
23
25
26
24
22
26
27
27
27
23
24
21
25
21
18
20
23
19
19
18
18
19
18
18
20
20
19
19
20
21
20
21
17
18
24
17
17
12
15
17
20
15
16
14
9
13
14
13
15
17
15
18
15
16
16
21
21
20
22
20
17
16
20
23
22
23
22
22
21
22
26
26
23
25
26
22
22
27
28
29
30
28
30
32
33
31
35
35
35
32
33
31
32
28
29
28
26
25
24
22
23
20
25
23
22
25
24
32
35
38
37
32
30
30
30
27
26
22
19
17
16
18
17
13
16
17
12
14
13
12
6
8
8
5
5
4
4
5
5
4
5
5
6
4
4
9
8
9
9
9
7
7
8
6
5
9
9
6
6
11
10
6
7
7
7
4
7
6
7
6
8
10
9
6
7
4
5
5
5
5
6
6
5
4
5
4
4
4
4
6
6
5
9
8
9
8
9
8
8
8
5
5
5
9
7
9
6
5
9
9
12
12
14
13
15
13
16
17
18
21
20
23
23
22
22
20
18
20
20
19
18
20
21
23
26
29
22
14
12
15
19
12
13
10
6
5
4
6
7
9
11
10
10
7
6
7
5
4
5
6
6
5
4
4
4
4
5
5
5
5
6
6
6
4
4
4
7
9
5
7
8
7
6
6
7
5
7
6
6
6
5
6
4
5
5
5
4
4
5
7
6
7
5
10
11
14
17
13
9
6
6
8
9
7
7
6
5
4
6
7
4
6
6
6
7
6
