527.988653356073 4549.91162263539 0.144021739130435 0.233695652173913 0.138586956521739 0.483695652173913 0 0 0 0 0 0
527.988653356073 4549.91162263539 0.144021739130435 0.233695652173913 0.138586956521739 0.483695652173913 0 0 0 0 0 0
527.988653356073 4549.91162263539 0.144021739130435 0.233695652173913 0.138586956521739 0.483695652173913 0 0 0 0 0 0
527.988653356073 4549.91162263539 0.144021739130435 0.233695652173913 0.138586956521739 0.483695652173913 0 0 0 0 0 0
527.988653356073 4549.91162263539 0.144021739130435 0.233695652173913 0.138586956521739 0.483695652173913 0 0 0 0 0 0
527.988653356073 4549.91162263539 0.144021739130435 0.233695652173913 0.138586956521739 0.483695652173913 0 0 0 0 0 0
527.988653356073 4549.91162263539 0.144021739130435 0.233695652173913 0.138586956521739 0.483695652173913 0 0 0 0 0 0
527.988653356073 4549.91162263539 0.144021739130435 0.233695652173913 0.138586956521739 0.483695652173913 0 0 0 0 0 0
527.988653356073 4549.91162263539 0.144021739130435 0.233695652173913 0.138586956521739 0.483695652173913 0 0 0 0 0 0
527.988653356073 4549.91162263539 0.144021739130435 0.233695652173913 0.138586956521739 0.483695652173913 0 0 0 0 0 0
527.988653356073 4549.91162263539 0.144021739130435 0.233695652173913 0.138586956521739 0.483695652173913 0 0 0 0 0 0
527.988653356073 4549.91162263539 0.144021739130435 0.233695652173913 0.138586956521739 0.483695652173913 0 0 0 0 0 0
527.988653356073 4549.91162263539 0.144021739130435 0.233695652173913 0.138586956521739 0.483695652173913 0 0 0 0 0 0
483.213622419128 4553.5740704624 0.472826086956522 0.130434782608696 0.214673913043478 0.182065217391304 0 0 0 0 0 0
483.213622419128 4553.5740704624 0.472826086956522 0.130434782608696 0.214673913043478 0.182065217391304 0 0 0 0 0 0
483.213622419128 4553.5740704624 0.472826086956522 0.130434782608696 0.214673913043478 0.182065217391304 0 0 0 0 0 0
483.213622419128 4553.5740704624 0.472826086956522 0.130434782608696 0.214673913043478 0.182065217391304 0 0 0 0 0 0
483.213622419128 4553.5740704624 0.472826086956522 0.130434782608696 0.214673913043478 0.182065217391304 0 0 0 0 0 0
483.213622419128 4553.5740704624 0.472826086956522 0.130434782608696 0.214673913043478 0.182065217391304 0 0 0 0 0 0
483.213622419128 4553.5740704624 0.472826086956522 0.130434782608696 0.214673913043478 0.182065217391304 0 0 0 0 0 0
483.213622419128 4553.5740704624 0.472826086956522 0.130434782608696 0.214673913043478 0.182065217391304 0 0 0 0 0 0
483.213622419128 4553.5740704624 0.472826086956522 0.130434782608696 0.214673913043478 0.182065217391304 0 0 0 0 0 0
483.213622419128 4553.5740704624 0.472826086956522 0.130434782608696 0.214673913043478 0.182065217391304 0 0 0 0 0 0
483.213622419128 4553.5740704624 0.472826086956522 0.130434782608696 0.214673913043478 0.182065217391304 0 0 0 0 0 0
483.213622419128 4553.5740704624 0.472826086956522 0.130434782608696 0.214673913043478 0.182065217391304 0 0 0 0 0 0
483.213622419128 4553.5740704624 0.472826086956522 0.130434782608696 0.214673913043478 0.182065217391304 0 0 0 0 0 0
483.213622419128 4553.5740704624 0.472826086956522 0.130434782608696 0.214673913043478 0.182065217391304 0 0 0 0 0 0
483.213622419128 4553.5740704624 0.472826086956522 0.130434782608696 0.214673913043478 0.182065217391304 0 0 0 0 0 0
483.213622419128 4553.5740704624 0.472826086956522 0.130434782608696 0.214673913043478 0.182065217391304 0 0 0 0 0 0
483.213622419128 4553.5740704624 0.472826086956522 0.130434782608696 0.214673913043478 0.182065217391304 0 0 0 0 0 0
546.022136622313 4575.90348420615 0.144021739130435 0.233695652173913 0.138586956521739 0.483695652173913 0 0 0 0 0 0
546.022136622313 4575.90348420615 0.144021739130435 0.233695652173913 0.138586956521739 0.483695652173913 0 0 0 0 0 0
589.053245479369 4592.95935070292 0.176630434782609 0.5 0.133152173913043 0.190217391304348 0 0 0 0 0 0
589.053245479369 4592.95935070292 0.176630434782609 0.5 0.133152173913043 0.190217391304348 0 0 0 0 0 0
589.053245479369 4592.95935070292 0.176630434782609 0.5 0.133152173913043 0.190217391304348 0 0 0 0 0 0
589.053245479369 4592.95935070292 0.176630434782609 0.5 0.133152173913043 0.190217391304348 0 0 0 0 0 0
589.053245479369 4592.95935070292 0.176630434782609 0.5 0.133152173913043 0.190217391304348 0 0 0 0 0 0
589.053245479369 4592.95935070292 0.176630434782609 0.5 0.133152173913043 0.190217391304348 0 0 0 0 0 0
542.847692443441 4640.65665926354 0.195652173913043 0.141304347826087 0.502717391304348 0.160326086956522 0 0 0 0 0 0
542.847692443441 4640.65665926354 0.195652173913043 0.141304347826087 0.502717391304348 0.160326086956522 0 0 0 0 0 0
542.847692443441 4640.65665926354 0.195652173913043 0.141304347826087 0.502717391304348 0.160326086956522 0 0 0 0 0 0
542.847692443441 4640.65665926354 0.195652173913043 0.141304347826087 0.502717391304348 0.160326086956522 0 0 0 0 0 0
542.847692443441 4640.65665926354 0.195652173913043 0.141304347826087 0.502717391304348 0.160326086956522 0 0 0 0 0 0
542.847692443441 4640.65665926354 0.195652173913043 0.141304347826087 0.502717391304348 0.160326086956522 0 0 0 0 0 0
542.847692443441 4640.65665926354 0.195652173913043 0.141304347826087 0.502717391304348 0.160326086956522 0 0 0 0 0 0
542.847692443441 4640.65665926354 0.195652173913043 0.141304347826087 0.502717391304348 0.160326086956522 0 0 0 0 0 0
542.847692443441 4640.65665926354 0.195652173913043 0.141304347826087 0.502717391304348 0.160326086956522 0 0 0 0 0 0
