         H01  1 0.0067 0.9933 
         H02  1 0.0048 0.9952 
         H03  1 0.0044 0.9956 
         H04  1 0.0047 0.9953 
         H05  1 0.0049 0.9951 
         H06  1 0.1524 0.8476 
         H07  1 0.0068 0.9932 
         H08  1 0.0112 0.9888 
         H09  1 0.0972 0.9028 
         H10  1 0.0078 0.9922 
         H11  1 0.0055 0.9945 
         H12  1 0.0049 0.9951 
         H13  1 0.0095 0.9905 
         H14  2 0.7658 0.2342 
         H15  2 0.3499 0.6501 
         H16  2 0.2977 0.7023 
         H17  2 0.9838 0.0162 
         H18  2 0.9892 0.0108 
         H19  2 0.9851 0.0149 
         H20  2 0.9578 0.0422 
         H21  2 0.8657 0.1343 
         H22  2 0.9915 0.0085 
         H23  2 0.9899 0.0101 
         H24  2 0.8847 0.1153 
         H25  2 0.9939 0.0061 
         H26  2 0.9907 0.0093 
         H27  2 0.9936 0.0064 
         H28  2 0.9943 0.0057 
         H29  2 0.9952 0.0048 
         H30  2 0.9760 0.0240 
         H31  3 0.6189 0.3811 
         H32  3 0.5903 0.4097 
         H33  4 0.9840 0.0160 
         H34  4 0.9951 0.0049 
         H35  4 0.9930 0.0070 
         H36  4 0.9894 0.0106 
         H37  4 0.9898 0.0102 
         H38  4 0.9932 0.0068 
         H39  5 0.8484 0.1516 
         H40  5 0.9844 0.0156 
         H41  5 0.7874 0.2126 
         H42  5 0.7467 0.2533 
         H43  5 0.7444 0.2556 
         H44  5 0.4316 0.5684 
         H45  5 0.6798 0.3202 
         H46  5 0.0083 0.9917 
         H47  5 0.0079 0.9921 
