         H01  1 0.9961 0.0039 
         H02  1 0.9964 0.0036 
         H03  1 0.9967 0.0033 
         H04  1 0.9956 0.0044 
         H05  1 0.9961 0.0039 
         H06  1 0.9652 0.0348 
         H07  1 0.9950 0.0050 
         H08  1 0.9935 0.0065 
         H09  1 0.9730 0.0270 
         H10  1 0.9950 0.0050 
         H11  1 0.9969 0.0031 
         H12  1 0.9968 0.0032 
         H13  1 0.9945 0.0055 
         H14  2 0.7631 0.2369 
         H15  2 0.9396 0.0604 
         H16  2 0.9449 0.0551 
         H17  2 0.0123 0.9877 
         H18  2 0.0060 0.9940 
         H19  2 0.0083 0.9917 
         H20  2 0.0209 0.9791 
         H21  2 0.7366 0.2634 
         H22  2 0.0061 0.9939 
         H23  2 0.0076 0.9924 
         H24  2 0.7288 0.2712 
         H25  2 0.0048 0.9952 
         H26  2 0.0054 0.9946 
         H27  2 0.0036 0.9964 
         H28  2 0.0041 0.9959 
         H29  2 0.0034 0.9966 
         H30  2 0.0227 0.9773 
         H31  3 0.8284 0.1716 
         H32  3 0.8309 0.1691 
         H33  4 0.0866 0.9134 
         H34  4 0.0038 0.9962 
         H35  4 0.0060 0.9940 
         H36  4 0.0115 0.9885 
         H37  4 0.0073 0.9927 
         H38  4 0.0061 0.9939 
         H39  5 0.7217 0.2783 
         H40  5 0.0607 0.9393 
         H41  5 0.7606 0.2394 
         H42  5 0.7803 0.2197 
         H43  5 0.7857 0.2143 
         H44  5 0.8875 0.1125 
         H45  5 0.8086 0.1914 
         H46  5 0.9936 0.0064 
         H47  5 0.9947 0.0053 
