         H01  1 0.9944 0.0056 
         H02  1 0.9948 0.0052 
         H03  1 0.9952 0.0048 
         H04  1 0.9950 0.0050 
         H05  1 0.9952 0.0048 
         H06  1 0.8352 0.1648 
         H07  1 0.9940 0.0060 
         H08  1 0.9911 0.0089 
         H09  1 0.8959 0.1041 
         H10  1 0.9925 0.0075 
         H11  1 0.9952 0.0048 
         H12  1 0.9950 0.0050 
         H13  1 0.9906 0.0094 
         H14  2 0.0676 0.9324 
         H15  2 0.6544 0.3456 
         H16  2 0.6941 0.3059 
         H17  2 0.0153 0.9847 
         H18  2 0.0120 0.9880 
         H19  2 0.0142 0.9858 
         H20  2 0.0472 0.9528 
         H21  2 0.0639 0.9361 
         H22  2 0.0092 0.9908 
         H23  2 0.0111 0.9889 
         H24  2 0.0330 0.9670 
         H25  2 0.0056 0.9944 
         H26  2 0.0098 0.9902 
         H27  2 0.0057 0.9943 
         H28  2 0.0060 0.9940 
         H29  2 0.0050 0.9950 
         H30  2 0.0293 0.9707 
         H31  3 0.2494 0.7506 
         H32  3 0.2626 0.7374 
         H33  4 0.0173 0.9827 
         H34  4 0.0058 0.9942 
         H35  4 0.0076 0.9924 
         H36  4 0.0103 0.9897 
         H37  4 0.0106 0.9894 
         H38  4 0.0069 0.9931 
         H39  5 0.0421 0.9579 
         H40  5 0.0102 0.9898 
         H41  5 0.0614 0.9386 
         H42  5 0.0850 0.9150 
         H43  5 0.0864 0.9136 
         H44  5 0.5196 0.4804 
         H45  5 0.1451 0.8549 
         H46  5 0.9914 0.0086 
         H47  5 0.9921 0.0079 
