         H01  1 0.9924 0.0076 
         H02  1 0.9944 0.0056 
         H03  1 0.9948 0.0052 
         H04  1 0.9943 0.0057 
         H05  1 0.9949 0.0051 
         H06  1 0.7940 0.2060 
         H07  1 0.9923 0.0077 
         H08  1 0.9894 0.0106 
         H09  1 0.8591 0.1409 
         H10  1 0.9912 0.0088 
         H11  1 0.9938 0.0062 
         H12  1 0.9943 0.0057 
         H13  1 0.9884 0.0116 
         H14  2 0.0487 0.9513 
         H15  2 0.5049 0.4951 
         H16  2 0.5571 0.4429 
         H17  2 0.0171 0.9829 
         H18  2 0.0159 0.9841 
         H19  2 0.0180 0.9820 
         H20  2 0.0493 0.9507 
         H21  2 0.0417 0.9583 
         H22  2 0.0090 0.9910 
         H23  2 0.0129 0.9871 
         H24  2 0.0127 0.9873 
         H25  2 0.0064 0.9936 
         H26  2 0.0104 0.9896 
         H27  2 0.0071 0.9929 
         H28  2 0.0063 0.9937 
         H29  2 0.0057 0.9943 
         H30  2 0.0250 0.9750 
         H31  3 0.2175 0.7825 
         H32  3 0.2312 0.7688 
         H33  4 0.0084 0.9916 
         H34  4 0.0059 0.9941 
         H35  4 0.0078 0.9922 
         H36  4 0.0113 0.9887 
         H37  4 0.0097 0.9903 
         H38  4 0.0084 0.9916 
         H39  5 0.0321 0.9679 
         H40  5 0.0077 0.9923 
         H41  5 0.0614 0.9386 
         H42  5 0.0636 0.9364 
         H43  5 0.0652 0.9348 
         H44  5 0.4917 0.5083 
         H45  5 0.1521 0.8479 
         H46  5 0.9917 0.0083 
         H47  5 0.9913 0.0087 
