         H01  1 0.0079 0.9921 
         H02  1 0.0052 0.9948 
         H03  1 0.0053 0.9947 
         H04  1 0.0060 0.9940 
         H05  1 0.0071 0.9929 
         H06  1 0.2056 0.7944 
         H07  1 0.0076 0.9924 
         H08  1 0.0120 0.9880 
         H09  1 0.1364 0.8636 
         H10  1 0.0089 0.9911 
         H11  1 0.0063 0.9937 
         H12  1 0.0049 0.9951 
         H13  1 0.0118 0.9882 
         H14  2 0.9828 0.0172 
         H15  2 0.5042 0.4958 
         H16  2 0.4491 0.5509 
         H17  2 0.9821 0.0179 
         H18  2 0.9842 0.0158 
         H19  2 0.9818 0.0182 
         H20  2 0.9470 0.0530 
         H21  2 0.9471 0.0529 
         H22  2 0.9883 0.0117 
         H23  2 0.9875 0.0125 
         H24  2 0.9875 0.0125 
         H25  2 0.9926 0.0074 
         H26  2 0.9877 0.0123 
         H27  2 0.9925 0.0075 
         H28  2 0.9935 0.0065 
         H29  2 0.9941 0.0059 
         H30  2 0.9673 0.0327 
         H31  3 0.8406 0.1594 
         H32  3 0.7981 0.2019 
         H33  4 0.9903 0.0097 
         H34  4 0.9938 0.0062 
         H35  4 0.9915 0.0085 
         H36  4 0.9888 0.0112 
         H37  4 0.9885 0.0115 
         H38  4 0.9921 0.0079 
         H39  5 0.9907 0.0093 
         H40  5 0.9912 0.0088 
         H41  5 0.9754 0.0246 
         H42  5 0.9920 0.0080 
         H43  5 0.9916 0.0084 
         H44  5 0.5367 0.4633 
         H45  5 0.8986 0.1014 
         H46  5 0.0091 0.9909 
         H47  5 0.0089 0.9911 
