         H01  1 0.9958 0.0042 
         H02  1 0.9958 0.0042 
         H03  1 0.9964 0.0036 
         H04  1 0.9953 0.0047 
         H05  1 0.9956 0.0044 
         H06  1 0.9413 0.0587 
         H07  1 0.9954 0.0046 
         H08  1 0.9932 0.0068 
         H09  1 0.9608 0.0392 
         H10  1 0.9943 0.0057 
         H11  1 0.9956 0.0044 
         H12  1 0.9961 0.0039 
         H13  1 0.9936 0.0064 
         H14  2 0.6537 0.3463 
         H15  2 0.8743 0.1257 
         H16  2 0.8886 0.1114 
         H17  2 0.0145 0.9855 
         H18  2 0.0084 0.9916 
         H19  2 0.0102 0.9898 
         H20  2 0.0324 0.9676 
         H21  2 0.7046 0.2954 
         H22  2 0.0066 0.9934 
         H23  2 0.0081 0.9919 
         H24  2 0.6875 0.3125 
         H25  2 0.0056 0.9944 
         H26  2 0.0062 0.9938 
         H27  2 0.0045 0.9955 
         H28  2 0.0048 0.9952 
         H29  2 0.0039 0.9961 
         H30  2 0.0261 0.9739 
         H31  3 0.7511 0.2489 
         H32  3 0.7638 0.2362 
         H33  4 0.1086 0.8914 
         H34  4 0.0043 0.9957 
         H35  4 0.0062 0.9938 
         H36  4 0.0105 0.9895 
         H37  4 0.0086 0.9914 
         H38  4 0.0064 0.9936 
         H39  5 0.6451 0.3549 
         H40  5 0.0469 0.9531 
         H41  5 0.6762 0.3238 
         H42  5 0.6617 0.3383 
         H43  5 0.6675 0.3325 
         H44  5 0.8267 0.1733 
         H45  5 0.7196 0.2804 
         H46  5 0.9932 0.0068 
         H47  5 0.9934 0.0066 
