         H01  1 0.9931 0.0069 
         H02  1 0.9950 0.0050 
         H03  1 0.9956 0.0044 
         H04  1 0.9953 0.0047 
         H05  1 0.9951 0.0049 
         H06  1 0.8644 0.1356 
         H07  1 0.9933 0.0067 
         H08  1 0.9914 0.0086 
         H09  1 0.9072 0.0928 
         H10  1 0.9932 0.0068 
         H11  1 0.9945 0.0055 
         H12  1 0.9954 0.0046 
         H13  1 0.9905 0.0095 
         H14  2 0.2219 0.7781 
         H15  2 0.6550 0.3450 
         H16  2 0.6958 0.3042 
         H17  2 0.0163 0.9837 
         H18  2 0.0120 0.9880 
         H19  2 0.0162 0.9838 
         H20  2 0.0440 0.9560 
         H21  2 0.2395 0.7605 
         H22  2 0.0105 0.9895 
         H23  2 0.0109 0.9891 
         H24  2 0.2064 0.7936 
         H25  2 0.0066 0.9934 
         H26  2 0.0093 0.9907 
         H27  2 0.0053 0.9947 
         H28  2 0.0058 0.9942 
         H29  2 0.0049 0.9951 
         H30  2 0.0281 0.9719 
         H31  3 0.3944 0.6056 
         H32  3 0.4067 0.5933 
         H33  4 0.0278 0.9722 
         H34  4 0.0059 0.9941 
         H35  4 0.0088 0.9912 
         H36  4 0.0115 0.9885 
         H37  4 0.0101 0.9899 
         H38  4 0.0078 0.9922 
         H39  5 0.2081 0.7919 
         H40  5 0.0119 0.9881 
         H41  5 0.2340 0.7660 
         H42  5 0.2255 0.7745 
         H43  5 0.2306 0.7694 
         H44  5 0.6107 0.3893 
         H45  5 0.3147 0.6853 
         H46  5 0.9919 0.0081 
         H47  5 0.9917 0.0083 
