         H01  1 0.9917 0.0083 
         H02  1 0.9939 0.0061 
         H03  1 0.9944 0.0056 
         H04  1 0.9942 0.0058 
         H05  1 0.9945 0.0055 
         H06  1 0.8050 0.1950 
         H07  1 0.9929 0.0071 
         H08  1 0.9905 0.0095 
         H09  1 0.8677 0.1323 
         H10  1 0.9912 0.0088 
         H11  1 0.9941 0.0059 
         H12  1 0.9947 0.0053 
         H13  1 0.9873 0.0127 
         H14  2 0.0164 0.9836 
         H15  2 0.4711 0.5289 
         H16  2 0.5326 0.4674 
         H17  2 0.0157 0.9843 
         H18  2 0.0146 0.9854 
         H19  2 0.0198 0.9802 
         H20  2 0.0473 0.9527 
         H21  2 0.0519 0.9481 
         H22  2 0.0116 0.9884 
         H23  2 0.0130 0.9870 
         H24  2 0.0111 0.9889 
         H25  2 0.0064 0.9936 
         H26  2 0.0100 0.9900 
         H27  2 0.0064 0.9936 
         H28  2 0.0063 0.9937 
         H29  2 0.0063 0.9937 
         H30  2 0.0263 0.9737 
         H31  3 0.1671 0.8329 
         H32  3 0.1971 0.8029 
         H33  4 0.0104 0.9896 
         H34  4 0.0062 0.9938 
         H35  4 0.0081 0.9919 
         H36  4 0.0122 0.9878 
         H37  4 0.0122 0.9878 
         H38  4 0.0077 0.9923 
         H39  5 0.0104 0.9896 
         H40  5 0.0076 0.9924 
         H41  5 0.0244 0.9756 
         H42  5 0.0081 0.9919 
         H43  5 0.0077 0.9923 
         H44  5 0.4451 0.5549 
         H45  5 0.0832 0.9168 
         H46  5 0.9904 0.0096 
         H47  5 0.9911 0.0089 
