         H01  1 0.9934 0.0066 
         H02  1 0.9949 0.0051 
         H03  1 0.9948 0.0052 
         H04  1 0.9944 0.0056 
         H05  1 0.9948 0.0052 
         H06  1 0.8159 0.1841 
         H07  1 0.9929 0.0071 
         H08  1 0.9906 0.0094 
         H09  1 0.8539 0.1461 
         H10  1 0.9934 0.0066 
         H11  1 0.9942 0.0058 
         H12  1 0.9949 0.0051 
         H13  1 0.9878 0.0122 
         H14  2 0.0183 0.9817 
         H15  2 0.4379 0.5621 
         H16  2 0.4965 0.5035 
         H17  2 0.0175 0.9825 
         H18  2 0.0149 0.9851 
         H19  2 0.0165 0.9835 
         H20  2 0.0556 0.9444 
         H21  2 0.0457 0.9543 
         H22  2 0.0104 0.9896 
         H23  2 0.0114 0.9886 
         H24  2 0.0117 0.9883 
         H25  2 0.0061 0.9939 
         H26  2 0.0101 0.9899 
         H27  2 0.0068 0.9932 
         H28  2 0.0061 0.9939 
         H29  2 0.0050 0.9950 
         H30  2 0.0299 0.9701 
         H31  3 0.1592 0.8408 
         H32  3 0.1855 0.8145 
         H33  4 0.0090 0.9910 
         H34  4 0.0059 0.9941 
         H35  4 0.0077 0.9923 
         H36  4 0.0107 0.9893 
         H37  4 0.0115 0.9885 
         H38  4 0.0079 0.9921 
         H39  5 0.0073 0.9927 
         H40  5 0.0073 0.9927 
         H41  5 0.0236 0.9764 
         H42  5 0.0071 0.9929 
         H43  5 0.0073 0.9927 
         H44  5 0.4578 0.5422 
         H45  5 0.1119 0.8881 
         H46  5 0.9911 0.0089 
         H47  5 0.9900 0.0100 
