3.92340097877983 3.92340097877983 3.92340097877983 3.92340097877983
3.29773585537147 3.29773585537147 3.29773585537147 3.29773585537147
2.95526723137483 2.95526723137483 2.95526723137483 2.95526723137483
2.67931319327483 2.67931319327483 2.67931319327483 2.67931319327483
2.37482265236378 2.37482265236378 2.37482265236378 2.37482265236378
2.17000358299918 2.17000358299918 2.17000358299918 2.17000358299918
1.75237972886218 1.75237972886218 1.75237972886218 1.75237972886218
1.16684429285927 1.16684429285927 1.16684429285927 1.16684429285927
0.693139891566637 0.693139891566637 0.693139891566637 0.693139891566637
0.629628732516334 0.629628732516334 0.629628732516334 0.629628732516334
0.544231758756022 0.544231758756022 0.544231758756022 0.544231758756022
0.599705485470892 0.599705485470892 0.599705485470892 0.599705485470892
0.606208720079252 0.606208720079252 0.606208720079252 0.606208720079252
0.51819101554771 0.51819101554771 0.51819101554771 0.51819101554771
0.609289801070789 0.609289801070789 0.609289801070789 0.609289801070789
0.573800266317946 0.573800266317946 0.573800266317946 0.573800266317946
0.559933100432613 0.559933100432613 0.559933100432613 0.559933100432613
0.58389164484565 0.58389164484565 0.58389164484565 0.58389164484565
0.540593765124847 0.540593765124847 0.540593765124847 0.540593765124847
0.540731455183022 0.540731455183022 0.540731455183022 0.540731455183022
0.540721898532189 0.540721898532189 0.540721898532189 0.540721898532189
0.558942037420303 0.558942037420303 0.558942037420303 0.558942037420303
0.558785321146408 0.558785321146408 0.558785321146408 0.558785321146408
0.491867446503164 0.491867446503164 0.491867446503164 0.491867446503164
0.466820655110923 0.466820655110923 0.466820655110923 0.466820655110923
0.573636564353754 0.573636564353754 0.573636564353754 0.573636564353754
0.573636564353754 0.573636564353754 0.573636564353754 0.573636564353754
0.511600809360374 0.511600809360374 0.511600809360374 0.511600809360374
0.475922652992098 0.475922652992098 0.475922652992098 0.475922652992098
0.508352752851508 0.508352752851508 0.508352752851508 0.508352752851508
0.476557862997683 0.476557862997683 0.476557862997683 0.476557862997683
0.458436679262935 0.458436679262935 0.458436679262935 0.458436679262935
0.51827408792169 0.51827408792169 0.51827408792169 0.51827408792169
0.517872898909051 0.517872898909051 0.517872898909051 0.517872898909051
0.491874381068641 0.491874381068641 0.491874381068641 0.491874381068641
0.522851557768348 0.522851557768348 0.522851557768348 0.522851557768348
0.481363678546114 0.481363678546114 0.481363678546114 0.481363678546114
0.467400095063135 0.467400095063135 0.467400095063135 0.467400095063135
0.527421829040263 0.527421829040263 0.527421829040263 0.527421829040263
0.497624753616303 0.497624753616303 0.497624753616303 0.497624753616303
0.471282664508904 0.471282664508904 0.471282664508904 0.471282664508904
0.472389751610442 0.472389751610442 0.472389751610442 0.472389751610442
0.529977729998441 0.529977729998441 0.529977729998441 0.529977729998441
0.424406261073051 0.424406261073051 0.424406261073051 0.424406261073051
0.516171932796859 0.516171932796859 0.516171932796859 0.516171932796859
0.507852020310822 0.507852020310822 0.507852020310822 0.507852020310822
0.454281583222308 0.454281583222308 0.454281583222308 0.454281583222308
0.453254859980735 0.453254859980735 0.453254859980735 0.453254859980735
0.519583323580805 0.519583323580805 0.519583323580805 0.519583323580805
0.475073735493724 0.475073735493724 0.475073735493724 0.475073735493724
0.501291245594453 0.501291245594453 0.501291245594453 0.501291245594453
0.395542759012049 0.395542759012049 0.395542759012049 0.395542759012049
0.467076171261674 0.467076171261674 0.467076171261674 0.467076171261674
0.45664478512046 0.45664478512046 0.45664478512046 0.45664478512046
0.449634875960455 0.449634875960455 0.449634875960455 0.449634875960455
0.405209639199253 0.405209639199253 0.405209639199253 0.405209639199253
0.442002618291428 0.442002618291428 0.442002618291428 0.442002618291428
0.420652972482178 0.420652972482178 0.420652972482178 0.420652972482178
0.404252018163496 0.404252018163496 0.404252018163496 0.404252018163496
0.374634829985811 0.374634829985811 0.374634829985811 0.374634829985811
0.442823450357988 0.442823450357988 0.442823450357988 0.442823450357988
0.398614090292402 0.398614090292402 0.398614090292402 0.398614090292402
0.39836867851331 0.39836867851331 0.39836867851331 0.39836867851331
0.390616154261362 0.390616154261362 0.390616154261362 0.390616154261362
0.433275576844226 0.433275576844226 0.433275576844226 0.433275576844226
0.402799976873221 0.402799976873221 0.402799976873221 0.402799976873221
0.396135232449491 0.396135232449491 0.396135232449491 0.396135232449491
0.407144074994964 0.407144074994964 0.407144074994964 0.407144074994964
0.364166003998362 0.364166003998362 0.364166003998362 0.364166003998362
0.419803800920202 0.419803800920202 0.419803800920202 0.419803800920202
0.355885536593969 0.355885536593969 0.355885536593969 0.355885536593969
0.389310148312498 0.389310148312498 0.389310148312498 0.389310148312498
0.376189276086613 0.376189276086613 0.376189276086613 0.376189276086613
0.389663161229777 0.389663161229777 0.389663161229777 0.389663161229777
0.381935748563829 0.381935748563829 0.381935748563829 0.381935748563829
0.386997141039118 0.386997141039118 0.386997141039118 0.386997141039118
0.40746831406315 0.40746831406315 0.40746831406315 0.40746831406315
0.336793657069782 0.336793657069782 0.336793657069782 0.336793657069782
0.363352867420312 0.363352867420312 0.363352867420312 0.363352867420312
0.342694432730759 0.342694432730759 0.342694432730759 0.342694432730759
0.368471266796657 0.368471266796657 0.368471266796657 0.368471266796657
0.34921583022003 0.34921583022003 0.34921583022003 0.34921583022003
0.333287212587472 0.333287212587472 0.333287212587472 0.333287212587472
0.351730121980925 0.351730121980925 0.351730121980925 0.351730121980925
0.380167701269253 0.380167701269253 0.380167701269253 0.380167701269253
0.439431376002834 0.439431376002834 0.439431376002834 0.439431376002834
0.403924594178433 0.403924594178433 0.403924594178433 0.403924594178433
0.365314109087198 0.365314109087198 0.365314109087198 0.365314109087198
0.365314109087198 0.365314109087198 0.365314109087198 0.365314109087198
0.379754888458987 0.379754888458987 0.379754888458987 0.379754888458987
0.41075964295578 0.41075964295578 0.41075964295578 0.41075964295578
0.383513507026547 0.383513507026547 0.383513507026547 0.383513507026547
0.382752087653579 0.382752087653579 0.382752087653579 0.382752087653579
0.38782380960271 0.38782380960271 0.38782380960271 0.38782380960271
0.364415843842099 0.364415843842099 0.364415843842099 0.364415843842099
0.349256528806232 0.349256528806232 0.349256528806232 0.349256528806232
0.407151053245736 0.407151053245736 0.407151053245736 0.407151053245736
0.416009877100591 0.416009877100591 0.416009877100591 0.416009877100591
0.433306226613165 0.433306226613165 0.433306226613165 0.433306226613165
0.383009463017382 0.383009463017382 0.383009463017382 0.383009463017382
0.367245287226153 0.367245287226153 0.367245287226153 0.367245287226153
0.367245287226153 0.367245287226153 0.367245287226153 0.367245287226153
0.312443022739511 0.312443022739511 0.312443022739511 0.312443022739511
0.35831043200874 0.35831043200874 0.35831043200874 0.35831043200874
0.317307902596753 0.317307902596753 0.317307902596753 0.317307902596753
0.359127244467184 0.359127244467184 0.359127244467184 0.359127244467184
0.357683489274313 0.357683489274313 0.357683489274313 0.357683489274313
0.358583510926298 0.358583510926298 0.358583510926298 0.358583510926298
0.345387635851957 0.345387635851957 0.345387635851957 0.345387635851957
0.350825249905429 0.350825249905429 0.350825249905429 0.350825249905429
0.319475746694124 0.319475746694124 0.319475746694124 0.319475746694124
0.320342709393127 0.320342709393127 0.320342709393127 0.320342709393127
0.304850815833121 0.304850815833121 0.304850815833121 0.304850815833121
0.319837970574733 0.319837970574733 0.319837970574733 0.319837970574733
0.293460343154133 0.293460343154133 0.293460343154133 0.293460343154133
0.295434453632823 0.295434453632823 0.295434453632823 0.295434453632823
0.303077116839159 0.303077116839159 0.303077116839159 0.303077116839159
0.28998407552869 0.28998407552869 0.28998407552869 0.28998407552869
0.317819050621741 0.317819050621741 0.317819050621741 0.317819050621741
0.317819050621741 0.317819050621741 0.317819050621741 0.317819050621741
0.330109383959352 0.330109383959352 0.330109383959352 0.330109383959352
0.289161456730107 0.289161456730107 0.289161456730107 0.289161456730107
0.292172017362 0.292172017362 0.292172017362 0.292172017362
0.267901379644694 0.267901379644694 0.267901379644694 0.267901379644694
0.284513948933636 0.284513948933636 0.284513948933636 0.284513948933636
0.322117151124209 0.322117151124209 0.322117151124209 0.322117151124209
0.291080567046102 0.291080567046102 0.291080567046102 0.291080567046102
0.274685306427611 0.274685306427611 0.274685306427611 0.274685306427611
0.293453490914519 0.293453490914519 0.293453490914519 0.293453490914519
0.337777659959728 0.337777659959728 0.337777659959728 0.337777659959728
0.305978805992206 0.305978805992206 0.305978805992206 0.305978805992206
0.294913026065988 0.294913026065988 0.294913026065988 0.294913026065988
0.286145815382288 0.286145815382288 0.286145815382288 0.286145815382288
0.289377185739836 0.289377185739836 0.289377185739836 0.289377185739836
0.308591328340173 0.308591328340173 0.308591328340173 0.308591328340173
0.319635683672468 0.319635683672468 0.319635683672468 0.319635683672468
0.304936961010909 0.304936961010909 0.304936961010909 0.304936961010909
0.31082743384642 0.31082743384642 0.31082743384642 0.31082743384642
0.348840898603789 0.348840898603789 0.348840898603789 0.348840898603789
0.324407118160657 0.324407118160657 0.324407118160657 0.324407118160657
0.323804187831506 0.323804187831506 0.323804187831506 0.323804187831506
0.323804187831506 0.323804187831506 0.323804187831506 0.323804187831506
0.317210653204184 0.317210653204184 0.317210653204184 0.317210653204184
0.330683167521932 0.330683167521932 0.330683167521932 0.330683167521932
0.330683167521932 0.330683167521932 0.330683167521932 0.330683167521932
0.330683167521932 0.330683167521932 0.330683167521932 0.330683167521932
0.334352548875302 0.334352548875302 0.334352548875302 0.334352548875302
0.322576540724686 0.322576540724686 0.322576540724686 0.322576540724686
0.322576540724686 0.322576540724686 0.322576540724686 0.322576540724686
0.277686680126831 0.277686680126831 0.277686680126831 0.277686680126831
0.320888561001862 0.320888561001862 0.320888561001862 0.320888561001862
0.312006003625494 0.312006003625494 0.312006003625494 0.312006003625494
0.350105510871921 0.350105510871921 0.350105510871921 0.350105510871921
0.345768886271419 0.345768886271419 0.345768886271419 0.345768886271419
0.349657128186505 0.349657128186505 0.349657128186505 0.349657128186505
0.344161668838842 0.344161668838842 0.344161668838842 0.344161668838842
0.298811589243096 0.298811589243096 0.298811589243096 0.298811589243096
0.3068196490185 0.3068196490185 0.3068196490185 0.3068196490185
0.303961935003353 0.303961935003353 0.303961935003353 0.303961935003353
0.333256485454357 0.333256485454357 0.333256485454357 0.333256485454357
0.338932994707578 0.338932994707578 0.338932994707578 0.338932994707578
0.340862763077138 0.340862763077138 0.340862763077138 0.340862763077138
0.357113262484749 0.357113262484749 0.357113262484749 0.357113262484749
0.33043098994536 0.33043098994536 0.33043098994536 0.33043098994536
0.30347838228369 0.30347838228369 0.30347838228369 0.30347838228369
0.299389540216859 0.299389540216859 0.299389540216859 0.299389540216859
0.319840958802689 0.319840958802689 0.319840958802689 0.319840958802689
0.328059414575649 0.328059414575649 0.328059414575649 0.328059414575649
0.314473828443018 0.314473828443018 0.314473828443018 0.314473828443018
0.304322659912098 0.304322659912098 0.304322659912098 0.304322659912098
0.321310558026632 0.321310558026632 0.321310558026632 0.321310558026632
0.264073074886948 0.264073074886948 0.264073074886948 0.264073074886948
0.315087945523358 0.315087945523358 0.315087945523358 0.315087945523358
0.334724834666258 0.334724834666258 0.334724834666258 0.334724834666258
0.342394801633319 0.342394801633319 0.342394801633319 0.342394801633319
0.294064381661856 0.294064381661856 0.294064381661856 0.294064381661856
0.327679644509123 0.327679644509123 0.327679644509123 0.327679644509123
0.284957388248774 0.284957388248774 0.284957388248774 0.284957388248774
0.330339190060208 0.330339190060208 0.330339190060208 0.330339190060208
0.325029071412077 0.325029071412077 0.325029071412077 0.325029071412077
0.32952275142946 0.32952275142946 0.32952275142946 0.32952275142946
0.32430664247765 0.32430664247765 0.32430664247765 0.32430664247765
0.309894197193355 0.309894197193355 0.309894197193355 0.309894197193355
0.298313996220774 0.298313996220774 0.298313996220774 0.298313996220774
0.296325660183139 0.296325660183139 0.296325660183139 0.296325660183139
0.336851860086399 0.336851860086399 0.336851860086399 0.336851860086399
0.329392276983199 0.329392276983199 0.329392276983199 0.329392276983199
0.307054168265893 0.307054168265893 0.307054168265893 0.307054168265893
0.322747914140965 0.322747914140965 0.322747914140965 0.322747914140965
0.286130649198344 0.286130649198344 0.286130649198344 0.286130649198344
0.31906843720219 0.31906843720219 0.31906843720219 0.31906843720219
0.269278094438628 0.269278094438628 0.269278094438628 0.269278094438628
0.290516338111566 0.290516338111566 0.290516338111566 0.290516338111566
0.306016348978127 0.306016348978127 0.306016348978127 0.306016348978127
0.291455180846544 0.291455180846544 0.291455180846544 0.291455180846544
0.344241001752224 0.344241001752224 0.344241001752224 0.344241001752224
0.349568083964398 0.349568083964398 0.349568083964398 0.349568083964398
0.323605624352528 0.323605624352528 0.323605624352528 0.323605624352528
0.318851579109048 0.318851579109048 0.318851579109048 0.318851579109048
0.35261801673999 0.35261801673999 0.35261801673999 0.35261801673999
0.318436271479147 0.318436271479147 0.318436271479147 0.318436271479147
0.287745394544088 0.287745394544088 0.287745394544088 0.287745394544088
0.319508075483152 0.319508075483152 0.319508075483152 0.319508075483152
0.293760667307134 0.293760667307134 0.293760667307134 0.293760667307134
0.289459480761533 0.289459480761533 0.289459480761533 0.289459480761533
0.293258067090179 0.293258067090179 0.293258067090179 0.293258067090179
0.322122021171473 0.322122021171473 0.322122021171473 0.322122021171473
0.291741499672848 0.291741499672848 0.291741499672848 0.291741499672848
0.302965572520321 0.302965572520321 0.302965572520321 0.302965572520321
0.348201590612515 0.348201590612515 0.348201590612515 0.348201590612515
0.31831370813334 0.31831370813334 0.31831370813334 0.31831370813334
0.31831370813334 0.31831370813334 0.31831370813334 0.31831370813334
0.31831370813334 0.31831370813334 0.31831370813334 0.31831370813334
0.312905069378655 0.312905069378655 0.312905069378655 0.312905069378655
0.310646988710196 0.310646988710196 0.310646988710196 0.310646988710196
0.285936020259521 0.285936020259521 0.285936020259521 0.285936020259521
0.346454902779676 0.346454902779676 0.346454902779676 0.346454902779676
0.343255400663734 0.343255400663734 0.343255400663734 0.343255400663734
0.29952139281497 0.29952139281497 0.29952139281497 0.29952139281497
0.338343797867843 0.338343797867843 0.338343797867843 0.338343797867843
0.343316811565859 0.343316811565859 0.343316811565859 0.343316811565859
0.349696749341947 0.349696749341947 0.349696749341947 0.349696749341947
0.286623431177809 0.286623431177809 0.286623431177809 0.286623431177809
0.286623431177809 0.286623431177809 0.286623431177809 0.286623431177809
0.266911865051871 0.266911865051871 0.266911865051871 0.266911865051871
0.315364775498236 0.315364775498236 0.315364775498236 0.315364775498236
0.302152257221774 0.302152257221774 0.302152257221774 0.302152257221774
0.320578944900041 0.320578944900041 0.320578944900041 0.320578944900041
0.322180044894598 0.322180044894598 0.322180044894598 0.322180044894598
0.28970438274385 0.28970438274385 0.28970438274385 0.28970438274385
0.291788243177664 0.291788243177664 0.291788243177664 0.291788243177664
0.318156155191767 0.318156155191767 0.318156155191767 0.318156155191767
0.326301485635703 0.326301485635703 0.326301485635703 0.326301485635703
0.335660276102959 0.335660276102959 0.335660276102959 0.335660276102959
0.285963894985552 0.285963894985552 0.285963894985552 0.285963894985552
0.306399052846216 0.306399052846216 0.306399052846216 0.306399052846216
0.302020303643856 0.302020303643856 0.302020303643856 0.302020303643856
0.273635739551906 0.273635739551906 0.273635739551906 0.273635739551906
0.337696927207035 0.337696927207035 0.337696927207035 0.337696927207035
0.289421382557739 0.289421382557739 0.289421382557739 0.289421382557739
0.316027459082353 0.316027459082353 0.316027459082353 0.316027459082353
0.304851111372338 0.304851111372338 0.304851111372338 0.304851111372338
0.332168618289686 0.332168618289686 0.332168618289686 0.332168618289686
0.332168618289686 0.332168618289686 0.332168618289686 0.332168618289686
0.34459132947928 0.34459132947928 0.34459132947928 0.34459132947928
0.297255745025878 0.297255745025878 0.297255745025878 0.297255745025878
0.297255745025878 0.297255745025878 0.297255745025878 0.297255745025878
0.262799334040314 0.262799334040314 0.262799334040314 0.262799334040314
0.291642749117947 0.291642749117947 0.291642749117947 0.291642749117947
0.285364964451521 0.285364964451521 0.285364964451521 0.285364964451521
0.307488752772053 0.307488752772053 0.307488752772053 0.307488752772053
0.259787796403825 0.259787796403825 0.259787796403825 0.259787796403825
0.259787796403825 0.259787796403825 0.259787796403825 0.259787796403825
0.272299866998597 0.272299866998597 0.272299866998597 0.272299866998597
0.266323476819468 0.266323476819468 0.266323476819468 0.266323476819468
0.307454569390647 0.307454569390647 0.307454569390647 0.307454569390647
0.307454569390647 0.307454569390647 0.307454569390647 0.307454569390647
0.325618117103773 0.325618117103773 0.325618117103773 0.325618117103773
0.277682332091463 0.277682332091463 0.277682332091463 0.277682332091463
0.277682332091463 0.277682332091463 0.277682332091463 0.277682332091463
0.273726921146411 0.273726921146411 0.273726921146411 0.273726921146411
0.262101709721008 0.262101709721008 0.262101709721008 0.262101709721008
0.269758953791376 0.269758953791376 0.269758953791376 0.269758953791376
0.287825181659884 0.287825181659884 0.287825181659884 0.287825181659884
0.270160626912605 0.270160626912605 0.270160626912605 0.270160626912605
0.270160626912605 0.270160626912605 0.270160626912605 0.270160626912605
0.280928734616459 0.280928734616459 0.280928734616459 0.280928734616459
0.2933881790389 0.2933881790389 0.2933881790389 0.2933881790389
0.28737307550693 0.28737307550693 0.28737307550693 0.28737307550693
0.28737307550693 0.28737307550693 0.28737307550693 0.28737307550693
0.305357614890644 0.305357614890644 0.305357614890644 0.305357614890644
0.271867792514876 0.271867792514876 0.271867792514876 0.271867792514876
0.261334189812437 0.261334189812437 0.261334189812437 0.261334189812437
0.310442428682916 0.310442428682916 0.310442428682916 0.310442428682916
0.266301761455226 0.266301761455226 0.266301761455226 0.266301761455226
0.262661377731441 0.262661377731441 0.262661377731441 0.262661377731441
0.310887412459865 0.310887412459865 0.310887412459865 0.310887412459865
0.300689436766184 0.300689436766184 0.300689436766184 0.300689436766184
0.324804142833333 0.324804142833333 0.324804142833333 0.324804142833333
0.268229387382552 0.268229387382552 0.268229387382552 0.268229387382552
0.238011478333799 0.238011478333799 0.238011478333799 0.238011478333799
0.291791892902993 0.291791892902993 0.291791892902993 0.291791892902993
0.270213118101284 0.270213118101284 0.270213118101284 0.270213118101284
0.270213118101284 0.270213118101284 0.270213118101284 0.270213118101284
0.289751260004211 0.289751260004211 0.289751260004211 0.289751260004211
0.261918279638738 0.261918279638738 0.261918279638738 0.261918279638738
0.280232261148774 0.280232261148774 0.280232261148774 0.280232261148774
0.27968983113331 0.27968983113331 0.27968983113331 0.27968983113331
0.290030674548748 0.290030674548748 0.290030674548748 0.290030674548748
0.270327420010021 0.270327420010021 0.270327420010021 0.270327420010021
0.259017173269696 0.259017173269696 0.259017173269696 0.259017173269696
0.28409186655084 0.28409186655084 0.28409186655084 0.28409186655084
0.28884249351139 0.28884249351139 0.28884249351139 0.28884249351139
0.28884249351139 0.28884249351139 0.28884249351139 0.28884249351139
0.267430309477127 0.267430309477127 0.267430309477127 0.267430309477127
0.274073699442251 0.274073699442251 0.274073699442251 0.274073699442251
0.254717443983582 0.254717443983582 0.254717443983582 0.254717443983582
0.257894279233616 0.257894279233616 0.257894279233616 0.257894279233616
0.231686129985688 0.231686129985688 0.231686129985688 0.231686129985688
0.260446908591086 0.260446908591086 0.260446908591086 0.260446908591086
0.260446908591086 0.260446908591086 0.260446908591086 0.260446908591086
0.271421188731489 0.271421188731489 0.271421188731489 0.271421188731489
0.255672247748107 0.255672247748107 0.255672247748107 0.255672247748107
0.285078085118773 0.285078085118773 0.285078085118773 0.285078085118773
0.303046458664556 0.303046458664556 0.303046458664556 0.303046458664556
0.265962994231125 0.265962994231125 0.265962994231125 0.265962994231125
0.26567986799291 0.26567986799291 0.26567986799291 0.26567986799291
0.267468906022953 0.267468906022953 0.267468906022953 0.267468906022953
0.241411468620398 0.241411468620398 0.241411468620398 0.241411468620398
0.270711935856318 0.270711935856318 0.270711935856318 0.270711935856318
0.278263489065693 0.278263489065693 0.278263489065693 0.278263489065693
0.265038181105334 0.265038181105334 0.265038181105334 0.265038181105334
0.284771246410262 0.284771246410262 0.284771246410262 0.284771246410262
0.246081959568089 0.246081959568089 0.246081959568089 0.246081959568089
0.280268293896644 0.280268293896644 0.280268293896644 0.280268293896644
0.246310199817252 0.246310199817252 0.246310199817252 0.246310199817252
0.265215568465767 0.265215568465767 0.265215568465767 0.265215568465767
0.265215568465767 0.265215568465767 0.265215568465767 0.265215568465767
0.301303798290667 0.301303798290667 0.301303798290667 0.301303798290667
0.261087581365404 0.261087581365404 0.261087581365404 0.261087581365404
0.267077392897295 0.267077392897295 0.267077392897295 0.267077392897295
0.268935957937689 0.268935957937689 0.268935957937689 0.268935957937689
0.25425660326056 0.25425660326056 0.25425660326056 0.25425660326056
0.299761031990812 0.299761031990812 0.299761031990812 0.299761031990812
0.311628132434973 0.311628132434973 0.311628132434973 0.311628132434973
0.266051260278864 0.266051260278864 0.266051260278864 0.266051260278864
0.263110562029679 0.263110562029679 0.263110562029679 0.263110562029679
0.263110562029679 0.263110562029679 0.263110562029679 0.263110562029679
0.268151687877494 0.268151687877494 0.268151687877494 0.268151687877494
0.265061552674933 0.265061552674933 0.265061552674933 0.265061552674933
0.265061552674933 0.265061552674933 0.265061552674933 0.265061552674933
0.250657731314774 0.250657731314774 0.250657731314774 0.250657731314774
0.284261555148928 0.284261555148928 0.284261555148928 0.284261555148928
0.262551956727263 0.262551956727263 0.262551956727263 0.262551956727263
0.284075096996459 0.284075096996459 0.284075096996459 0.284075096996459
0.256253037378516 0.256253037378516 0.256253037378516 0.256253037378516
0.255078377727795 0.255078377727795 0.255078377727795 0.255078377727795
0.270232958587224 0.270232958587224 0.270232958587224 0.270232958587224
0.273664791205824 0.273664791205824 0.273664791205824 0.273664791205824
0.307612420001271 0.307612420001271 0.307612420001271 0.307612420001271
0.253470297830952 0.253470297830952 0.253470297830952 0.253470297830952
0.26762146860558 0.26762146860558 0.26762146860558 0.26762146860558
0.277567785882769 0.277567785882769 0.277567785882769 0.277567785882769
0.279498740253214 0.279498740253214 0.279498740253214 0.279498740253214
0.275230593692811 0.275230593692811 0.275230593692811 0.275230593692811
0.275230593692811 0.275230593692811 0.275230593692811 0.275230593692811
0.278744928903354 0.278744928903354 0.278744928903354 0.278744928903354
0.270049291279228 0.270049291279228 0.270049291279228 0.270049291279228
0.270049291279228 0.270049291279228 0.270049291279228 0.270049291279228
0.276136311270668 0.276136311270668 0.276136311270668 0.276136311270668
0.286958727292811 0.286958727292811 0.286958727292811 0.286958727292811
0.230730762811059 0.230730762811059 0.230730762811059 0.230730762811059
0.244682620562572 0.244682620562572 0.244682620562572 0.244682620562572
0.232411685914149 0.232411685914149 0.232411685914149 0.232411685914149
0.247653707332636 0.247653707332636 0.247653707332636 0.247653707332636
0.25383054938267 0.25383054938267 0.25383054938267 0.25383054938267
0.273340150297338 0.273340150297338 0.273340150297338 0.273340150297338
0.273340150297338 0.273340150297338 0.273340150297338 0.273340150297338
0.262475799307355 0.262475799307355 0.262475799307355 0.262475799307355
0.295570383191809 0.295570383191809 0.295570383191809 0.295570383191809
0.252005710901585 0.252005710901585 0.252005710901585 0.252005710901585
0.279977605241964 0.279977605241964 0.279977605241964 0.279977605241964
0.268088636615921 0.268088636615921 0.268088636615921 0.268088636615921
0.295854993481449 0.295854993481449 0.295854993481449 0.295854993481449
0.288215654582647 0.288215654582647 0.288215654582647 0.288215654582647
0.309803265419338 0.309803265419338 0.309803265419338 0.309803265419338
0.271018270386838 0.271018270386838 0.271018270386838 0.271018270386838
0.285486255663135 0.285486255663135 0.285486255663135 0.285486255663135
0.286028195711388 0.286028195711388 0.286028195711388 0.286028195711388
0.286028195711388 0.286028195711388 0.286028195711388 0.286028195711388
0.264785606686687 0.264785606686687 0.264785606686687 0.264785606686687
0.228038536183042 0.228038536183042 0.228038536183042 0.228038536183042
0.280425449035322 0.280425449035322 0.280425449035322 0.280425449035322
0.260422416056933 0.260422416056933 0.260422416056933 0.260422416056933
0.304167081003036 0.304167081003036 0.304167081003036 0.304167081003036
0.243296727211879 0.243296727211879 0.243296727211879 0.243296727211879
0.255804315270781 0.255804315270781 0.255804315270781 0.255804315270781
0.271546412943704 0.271546412943704 0.271546412943704 0.271546412943704
0.271344310388573 0.271344310388573 0.271344310388573 0.271344310388573
0.267789166094554 0.267789166094554 0.267789166094554 0.267789166094554
0.263294155898682 0.263294155898682 0.263294155898682 0.263294155898682
0.267759842684679 0.267759842684679 0.267759842684679 0.267759842684679
0.281019329498026 0.281019329498026 0.281019329498026 0.281019329498026
0.266772637092766 0.266772637092766 0.266772637092766 0.266772637092766
0.291385937021138 0.291385937021138 0.291385937021138 0.291385937021138
0.262373441628916 0.262373441628916 0.262373441628916 0.262373441628916
0.305396838148586 0.305396838148586 0.305396838148586 0.305396838148586
0.265401872393738 0.265401872393738 0.265401872393738 0.265401872393738
0.254920050218167 0.254920050218167 0.254920050218167 0.254920050218167
0.255546801026168 0.255546801026168 0.255546801026168 0.255546801026168
0.271136823317951 0.271136823317951 0.271136823317951 0.271136823317951
0.241108316046994 0.241108316046994 0.241108316046994 0.241108316046994
0.241108316046994 0.241108316046994 0.241108316046994 0.241108316046994
0.2795482159697 0.2795482159697 0.2795482159697 0.2795482159697
0.260228316896368 0.260228316896368 0.260228316896368 0.260228316896368
0.274405438918107 0.274405438918107 0.274405438918107 0.274405438918107
0.241279337945546 0.241279337945546 0.241279337945546 0.241279337945546
0.278487405742466 0.278487405742466 0.278487405742466 0.278487405742466
0.278757378283515 0.278757378283515 0.278757378283515 0.278757378283515
0.249031243880807 0.249031243880807 0.249031243880807 0.249031243880807
0.249031243880807 0.249031243880807 0.249031243880807 0.249031243880807
0.249031243880807 0.249031243880807 0.249031243880807 0.249031243880807
0.244232728362094 0.244232728362094 0.244232728362094 0.244232728362094
0.249789950288698 0.249789950288698 0.249789950288698 0.249789950288698
0.244730768089152 0.244730768089152 0.244730768089152 0.244730768089152
0.244730768089152 0.244730768089152 0.244730768089152 0.244730768089152
0.255474347829558 0.255474347829558 0.255474347829558 0.255474347829558
0.273955189881713 0.273955189881713 0.273955189881713 0.273955189881713
0.263954567785332 0.263954567785332 0.263954567785332 0.263954567785332
0.25092786276692 0.25092786276692 0.25092786276692 0.25092786276692
0.240829006818922 0.240829006818922 0.240829006818922 0.240829006818922
0.269557104096339 0.269557104096339 0.269557104096339 0.269557104096339
0.281092359302013 0.281092359302013 0.281092359302013 0.281092359302013
0.256854386884902 0.256854386884902 0.256854386884902 0.256854386884902
0.276663614039513 0.276663614039513 0.276663614039513 0.276663614039513
0.249017456017124 0.249017456017124 0.249017456017124 0.249017456017124
0.243168830827252 0.243168830827252 0.243168830827252 0.243168830827252
0.23209302787197 0.23209302787197 0.23209302787197 0.23209302787197
0.241821331488906 0.241821331488906 0.241821331488906 0.241821331488906
0.234931270230753 0.234931270230753 0.234931270230753 0.234931270230753
0.263795944403313 0.263795944403313 0.263795944403313 0.263795944403313
0.261743394284847 0.261743394284847 0.261743394284847 0.261743394284847
0.228471649969847 0.228471649969847 0.228471649969847 0.228471649969847
0.249245617150624 0.249245617150624 0.249245617150624 0.249245617150624
0.240868843567272 0.240868843567272 0.240868843567272 0.240868843567272
0.223436921991852 0.223436921991852 0.223436921991852 0.223436921991852
0.277589074187208 0.277589074187208 0.277589074187208 0.277589074187208
0.231765373372723 0.231765373372723 0.231765373372723 0.231765373372723
0.228153170491774 0.228153170491774 0.228153170491774 0.228153170491774
0.274788424559771 0.274788424559771 0.274788424559771 0.274788424559771
0.239128394245047 0.239128394245047 0.239128394245047 0.239128394245047
0.241679459383738 0.241679459383738 0.241679459383738 0.241679459383738
0.247138540511366 0.247138540511366 0.247138540511366 0.247138540511366
0.216345707377722 0.216345707377722 0.216345707377722 0.216345707377722
0.216345707377722 0.216345707377722 0.216345707377722 0.216345707377722
0.226609420028191 0.226609420028191 0.226609420028191 0.226609420028191
0.221154731337812 0.221154731337812 0.221154731337812 0.221154731337812
0.237831137089592 0.237831137089592 0.237831137089592 0.237831137089592
0.193431763052724 0.193431763052724 0.193431763052724 0.193431763052724
0.260413696491845 0.260413696491845 0.260413696491845 0.260413696491845
0.231011289762836 0.231011289762836 0.231011289762836 0.231011289762836
0.238652971775252 0.238652971775252 0.238652971775252 0.238652971775252
0.251384937088259 0.251384937088259 0.251384937088259 0.251384937088259
0.266995658825874 0.266995658825874 0.266995658825874 0.266995658825874
0.231089727115652 0.231089727115652 0.231089727115652 0.231089727115652
0.234844923602417 0.234844923602417 0.234844923602417 0.234844923602417
0.259561435550243 0.259561435550243 0.259561435550243 0.259561435550243
0.245449402988313 0.245449402988313 0.245449402988313 0.245449402988313
0.222945306930184 0.222945306930184 0.222945306930184 0.222945306930184
0.240934386036086 0.240934386036086 0.240934386036086 0.240934386036086
0.247195199088971 0.247195199088971 0.247195199088971 0.247195199088971
0.261838465659545 0.261838465659545 0.261838465659545 0.261838465659545
0.258367767053506 0.258367767053506 0.258367767053506 0.258367767053506
0.258367767053506 0.258367767053506 0.258367767053506 0.258367767053506
0.272664229167358 0.272664229167358 0.272664229167358 0.272664229167358
0.279990730778613 0.279990730778613 0.279990730778613 0.279990730778613
0.296229514089095 0.296229514089095 0.296229514089095 0.296229514089095
0.278529426298336 0.278529426298336 0.278529426298336 0.278529426298336
0.276673044445104 0.276673044445104 0.276673044445104 0.276673044445104
0.245633173679007 0.245633173679007 0.245633173679007 0.245633173679007
0.242847275001146 0.242847275001146 0.242847275001146 0.242847275001146
0.284009872407349 0.284009872407349 0.284009872407349 0.284009872407349
0.282118396463669 0.282118396463669 0.282118396463669 0.282118396463669
0.267279901059945 0.267279901059945 0.267279901059945 0.267279901059945
0.245198582665219 0.245198582665219 0.245198582665219 0.245198582665219
0.243773935079621 0.243773935079621 0.243773935079621 0.243773935079621
0.256612445536172 0.256612445536172 0.256612445536172 0.256612445536172
0.256247334553065 0.256247334553065 0.256247334553065 0.256247334553065
0.263624981981636 0.263624981981636 0.263624981981636 0.263624981981636
0.264049066269656 0.264049066269656 0.264049066269656 0.264049066269656
0.225578216881142 0.225578216881142 0.225578216881142 0.225578216881142
0.248904891669311 0.248904891669311 0.248904891669311 0.248904891669311
0.248904891669311 0.248904891669311 0.248904891669311 0.248904891669311
0.268938992634318 0.268938992634318 0.268938992634318 0.268938992634318
0.236755591060053 0.236755591060053 0.236755591060053 0.236755591060053
0.244642794717876 0.244642794717876 0.244642794717876 0.244642794717876
0.247288256914388 0.247288256914388 0.247288256914388 0.247288256914388
0.241021377724115 0.241021377724115 0.241021377724115 0.241021377724115
0.245214685729351 0.245214685729351 0.245214685729351 0.245214685729351
0.245214685729351 0.245214685729351 0.245214685729351 0.245214685729351
0.240903995227702 0.240903995227702 0.240903995227702 0.240903995227702
0.233266286817562 0.233266286817562 0.233266286817562 0.233266286817562
0.219770775703566 0.219770775703566 0.219770775703566 0.219770775703566
0.221709054102735 0.221709054102735 0.221709054102735 0.221709054102735
0.244473632385216 0.244473632385216 0.244473632385216 0.244473632385216
0.227934341474386 0.227934341474386 0.227934341474386 0.227934341474386
0.237424799736703 0.237424799736703 0.237424799736703 0.237424799736703
0.274319978081017 0.274319978081017 0.274319978081017 0.274319978081017
0.236689248736666 0.236689248736666 0.236689248736666 0.236689248736666
0.206614628777216 0.206614628777216 0.206614628777216 0.206614628777216
0.280554796081035 0.280554796081035 0.280554796081035 0.280554796081035
0.247360340756577 0.247360340756577 0.247360340756577 0.247360340756577
0.24339529038628 0.24339529038628 0.24339529038628 0.24339529038628
0.215830424059277 0.215830424059277 0.215830424059277 0.215830424059277
0.25331837374652 0.25331837374652 0.25331837374652 0.25331837374652
0.266485466922727 0.266485466922727 0.266485466922727 0.266485466922727
0.261632501747292 0.261632501747292 0.261632501747292 0.261632501747292
0.245884183336757 0.245884183336757 0.245884183336757 0.245884183336757
0.241735659884042 0.241735659884042 0.241735659884042 0.241735659884042
0.239571725408006 0.239571725408006 0.239571725408006 0.239571725408006
0.239571725408006 0.239571725408006 0.239571725408006 0.239571725408006
0.268114905421232 0.268114905421232 0.268114905421232 0.268114905421232
0.254586872025013 0.254586872025013 0.254586872025013 0.254586872025013
0.245182060538012 0.245182060538012 0.245182060538012 0.245182060538012
0.228414240967913 0.228414240967913 0.228414240967913 0.228414240967913
0.228545074995121 0.228545074995121 0.228545074995121 0.228545074995121
0.264260606046116 0.264260606046116 0.264260606046116 0.264260606046116
0.233692761862512 0.233692761862512 0.233692761862512 0.233692761862512
0.265218663881469 0.265218663881469 0.265218663881469 0.265218663881469
0.218393117638874 0.218393117638874 0.218393117638874 0.218393117638874
0.256711454167295 0.256711454167295 0.256711454167295 0.256711454167295
0.229391769866787 0.229391769866787 0.229391769866787 0.229391769866787
0.275546755897925 0.275546755897925 0.275546755897925 0.275546755897925
0.275546755897925 0.275546755897925 0.275546755897925 0.275546755897925
0.219126424275172 0.219126424275172 0.219126424275172 0.219126424275172
0.219126424275172 0.219126424275172 0.219126424275172 0.219126424275172
0.243296345324988 0.243296345324988 0.243296345324988 0.243296345324988
0.230660137453126 0.230660137453126 0.230660137453126 0.230660137453126
0.239201480254024 0.239201480254024 0.239201480254024 0.239201480254024
0.218529774777366 0.218529774777366 0.218529774777366 0.218529774777366
0.289890580939525 0.289890580939525 0.289890580939525 0.289890580939525
0.242248686869321 0.242248686869321 0.242248686869321 0.242248686869321
0.257674183252943 0.257674183252943 0.257674183252943 0.257674183252943
0.257674183252943 0.257674183252943 0.257674183252943 0.257674183252943
0.276001001926723 0.276001001926723 0.276001001926723 0.276001001926723
0.273002463369923 0.273002463369923 0.273002463369923 0.273002463369923
0.256500894946618 0.256500894946618 0.256500894946618 0.256500894946618
0.241176827830691 0.241176827830691 0.241176827830691 0.241176827830691
0.246517925537859 0.246517925537859 0.246517925537859 0.246517925537859
0.221116001456686 0.221116001456686 0.221116001456686 0.221116001456686
0.250813992383436 0.250813992383436 0.250813992383436 0.250813992383436
0.228646275456909 0.228646275456909 0.228646275456909 0.228646275456909
0.225228581304768 0.225228581304768 0.225228581304768 0.225228581304768
0.236155751782389 0.236155751782389 0.236155751782389 0.236155751782389
0.267799210283122 0.267799210283122 0.267799210283122 0.267799210283122
0.265561451619469 0.265561451619469 0.265561451619469 0.265561451619469
0.25385899969051 0.25385899969051 0.25385899969051 0.25385899969051
0.25385899969051 0.25385899969051 0.25385899969051 0.25385899969051
0.210754681091097 0.210754681091097 0.210754681091097 0.210754681091097
0.208676234546558 0.208676234546558 0.208676234546558 0.208676234546558
0.212108956373923 0.212108956373923 0.212108956373923 0.212108956373923
0.245900001864622 0.245900001864622 0.245900001864622 0.245900001864622
0.263895634128351 0.263895634128351 0.263895634128351 0.263895634128351
0.249554228768232 0.249554228768232 0.249554228768232 0.249554228768232
0.212223774128928 0.212223774128928 0.212223774128928 0.212223774128928
0.205112462079754 0.205112462079754 0.205112462079754 0.205112462079754
0.230948939454328 0.230948939454328 0.230948939454328 0.230948939454328
0.24056764973319 0.24056764973319 0.24056764973319 0.24056764973319
0.24056764973319 0.24056764973319 0.24056764973319 0.24056764973319
0.235139422290241 0.235139422290241 0.235139422290241 0.235139422290241
0.239512688577155 0.239512688577155 0.239512688577155 0.239512688577155
0.253738161234406 0.253738161234406 0.253738161234406 0.253738161234406
0.258012495622707 0.258012495622707 0.258012495622707 0.258012495622707
0.241575178942178 0.241575178942178 0.241575178942178 0.241575178942178
0.236621912157662 0.236621912157662 0.236621912157662 0.236621912157662
0.254725765096618 0.254725765096618 0.254725765096618 0.254725765096618
0.252932921721172 0.252932921721172 0.252932921721172 0.252932921721172
0.252932921721172 0.252932921721172 0.252932921721172 0.252932921721172
0.252932921721172 0.252932921721172 0.252932921721172 0.252932921721172
0.265951559507497 0.265951559507497 0.265951559507497 0.265951559507497
0.258028964208519 0.258028964208519 0.258028964208519 0.258028964208519
0.221186984842586 0.221186984842586 0.221186984842586 0.221186984842586
0.233116024752971 0.233116024752971 0.233116024752971 0.233116024752971
0.244457269298598 0.244457269298598 0.244457269298598 0.244457269298598
0.270991605671514 0.270991605671514 0.270991605671514 0.270991605671514
0.25987224029731 0.25987224029731 0.25987224029731 0.25987224029731
0.2730140818257 0.2730140818257 0.2730140818257 0.2730140818257
0.28000551781523 0.28000551781523 0.28000551781523 0.28000551781523
0.243923532157402 0.243923532157402 0.243923532157402 0.243923532157402
0.257541938742146 0.257541938742146 0.257541938742146 0.257541938742146
0.230582024924157 0.230582024924157 0.230582024924157 0.230582024924157
0.254965825455041 0.254965825455041 0.254965825455041 0.254965825455041
0.25838741531206 0.25838741531206 0.25838741531206 0.25838741531206
0.254574481127413 0.254574481127413 0.254574481127413 0.254574481127413
0.254912928629166 0.254912928629166 0.254912928629166 0.254912928629166
0.256040670610981 0.256040670610981 0.256040670610981 0.256040670610981
0.254585659113316 0.254585659113316 0.254585659113316 0.254585659113316
0.244747762971023 0.244747762971023 0.244747762971023 0.244747762971023
0.253116477680686 0.253116477680686 0.253116477680686 0.253116477680686
0.205121768921712 0.205121768921712 0.205121768921712 0.205121768921712
0.266641466489554 0.266641466489554 0.266641466489554 0.266641466489554
0.264231159809641 0.264231159809641 0.264231159809641 0.264231159809641
0.244916758885886 0.244916758885886 0.244916758885886 0.244916758885886
0.259510713368336 0.259510713368336 0.259510713368336 0.259510713368336
0.231632135079844 0.231632135079844 0.231632135079844 0.231632135079844
0.234379961420467 0.234379961420467 0.234379961420467 0.234379961420467
0.270741078924646 0.270741078924646 0.270741078924646 0.270741078924646
0.245458565841446 0.245458565841446 0.245458565841446 0.245458565841446
0.247880481051671 0.247880481051671 0.247880481051671 0.247880481051671
0.262140758252193 0.262140758252193 0.262140758252193 0.262140758252193
0.276779517171302 0.276779517171302 0.276779517171302 0.276779517171302
0.260424074683722 0.260424074683722 0.260424074683722 0.260424074683722
0.260424074683722 0.260424074683722 0.260424074683722 0.260424074683722
0.215185040794256 0.215185040794256 0.215185040794256 0.215185040794256
0.255924219368408 0.255924219368408 0.255924219368408 0.255924219368408
0.252705081749327 0.252705081749327 0.252705081749327 0.252705081749327
0.221772157557525 0.221772157557525 0.221772157557525 0.221772157557525
0.259478021834565 0.259478021834565 0.259478021834565 0.259478021834565
0.254564375740396 0.254564375740396 0.254564375740396 0.254564375740396
0.276715579900275 0.276715579900275 0.276715579900275 0.276715579900275
0.245586076111848 0.245586076111848 0.245586076111848 0.245586076111848
0.256595085113158 0.256595085113158 0.256595085113158 0.256595085113158
0.255707096377641 0.255707096377641 0.255707096377641 0.255707096377641
0.266265782759899 0.266265782759899 0.266265782759899 0.266265782759899
0.266265782759899 0.266265782759899 0.266265782759899 0.266265782759899
0.247033937361442 0.247033937361442 0.247033937361442 0.247033937361442
0.273635287175541 0.273635287175541 0.273635287175541 0.273635287175541
0.272845051492356 0.272845051492356 0.272845051492356 0.272845051492356
0.277073604052759 0.277073604052759 0.277073604052759 0.277073604052759
0.277437050319464 0.277437050319464 0.277437050319464 0.277437050319464
0.222600085407134 0.222600085407134 0.222600085407134 0.222600085407134
0.261940102407641 0.261940102407641 0.261940102407641 0.261940102407641
0.261940102407641 0.261940102407641 0.261940102407641 0.261940102407641
0.261940102407641 0.261940102407641 0.261940102407641 0.261940102407641
0.25032755218183 0.25032755218183 0.25032755218183 0.25032755218183
0.259916558213802 0.259916558213802 0.259916558213802 0.259916558213802
0.240243220764394 0.240243220764394 0.240243220764394 0.240243220764394
0.236737846811558 0.236737846811558 0.236737846811558 0.236737846811558
0.255572496952866 0.255572496952866 0.255572496952866 0.255572496952866
0.25791545963508 0.25791545963508 0.25791545963508 0.25791545963508
0.25791545963508 0.25791545963508 0.25791545963508 0.25791545963508
0.280404132751317 0.280404132751317 0.280404132751317 0.280404132751317
0.271612004625861 0.271612004625861 0.271612004625861 0.271612004625861
0.271351851717095 0.271351851717095 0.271351851717095 0.271351851717095
0.286365238723965 0.286365238723965 0.286365238723965 0.286365238723965
0.220177687011529 0.220177687011529 0.220177687011529 0.220177687011529
0.270614675303765 0.270614675303765 0.270614675303765 0.270614675303765
0.278987172425186 0.278987172425186 0.278987172425186 0.278987172425186
0.278987172425186 0.278987172425186 0.278987172425186 0.278987172425186
0.265854416863938 0.265854416863938 0.265854416863938 0.265854416863938
0.28165030719298 0.28165030719298 0.28165030719298 0.28165030719298
0.25710999989253 0.25710999989253 0.25710999989253 0.25710999989253
0.245661856263069 0.245661856263069 0.245661856263069 0.245661856263069
0.264101792921347 0.264101792921347 0.264101792921347 0.264101792921347
0.270858982935385 0.270858982935385 0.270858982935385 0.270858982935385
0.260250324648719 0.260250324648719 0.260250324648719 0.260250324648719
0.260250324648719 0.260250324648719 0.260250324648719 0.260250324648719
0.254291895790333 0.254291895790333 0.254291895790333 0.254291895790333
0.248322070076345 0.248322070076345 0.248322070076345 0.248322070076345
0.259131138070067 0.259131138070067 0.259131138070067 0.259131138070067
0.247511540980094 0.247511540980094 0.247511540980094 0.247511540980094
0.261670619342707 0.261670619342707 0.261670619342707 0.261670619342707
0.241910559764316 0.241910559764316 0.241910559764316 0.241910559764316
0.241910559764316 0.241910559764316 0.241910559764316 0.241910559764316
0.270073921990584 0.270073921990584 0.270073921990584 0.270073921990584
0.272734406273431 0.272734406273431 0.272734406273431 0.272734406273431
0.294087202058532 0.294087202058532 0.294087202058532 0.294087202058532
0.234426700418971 0.234426700418971 0.234426700418971 0.234426700418971
0.235194817688807 0.235194817688807 0.235194817688807 0.235194817688807
0.253110328153387 0.253110328153387 0.253110328153387 0.253110328153387
0.233904625932742 0.233904625932742 0.233904625932742 0.233904625932742
0.233904625932742 0.233904625932742 0.233904625932742 0.233904625932742
0.233904625932742 0.233904625932742 0.233904625932742 0.233904625932742
0.240099216943212 0.240099216943212 0.240099216943212 0.240099216943212
0.248989427675967 0.248989427675967 0.248989427675967 0.248989427675967
0.245738451031563 0.245738451031563 0.245738451031563 0.245738451031563
0.209796378703436 0.209796378703436 0.209796378703436 0.209796378703436
0.238377389260838 0.238377389260838 0.238377389260838 0.238377389260838
0.215606279173874 0.215606279173874 0.215606279173874 0.215606279173874
0.251344408394361 0.251344408394361 0.251344408394361 0.251344408394361
0.251344408394361 0.251344408394361 0.251344408394361 0.251344408394361
0.252534895707913 0.252534895707913 0.252534895707913 0.252534895707913
0.2368057235959 0.2368057235959 0.2368057235959 0.2368057235959
0.274094387311526 0.274094387311526 0.274094387311526 0.274094387311526
0.272167482612786 0.272167482612786 0.272167482612786 0.272167482612786
0.289400815232106 0.289400815232106 0.289400815232106 0.289400815232106
0.263080651058431 0.263080651058431 0.263080651058431 0.263080651058431
0.255747154620329 0.255747154620329 0.255747154620329 0.255747154620329
0.237352080709346 0.237352080709346 0.237352080709346 0.237352080709346
0.259897106866474 0.259897106866474 0.259897106866474 0.259897106866474
0.275929791130269 0.275929791130269 0.275929791130269 0.275929791130269
0.267314931674275 0.267314931674275 0.267314931674275 0.267314931674275
0.274688643793574 0.274688643793574 0.274688643793574 0.274688643793574
0.262424927482357 0.262424927482357 0.262424927482357 0.262424927482357
0.236592429751222 0.236592429751222 0.236592429751222 0.236592429751222
0.220833769475481 0.220833769475481 0.220833769475481 0.220833769475481
0.251158470454437 0.251158470454437 0.251158470454437 0.251158470454437
0.236199055329322 0.236199055329322 0.236199055329322 0.236199055329322
0.24850160982728 0.24850160982728 0.24850160982728 0.24850160982728
0.252191104782776 0.252191104782776 0.252191104782776 0.252191104782776
0.252191104782776 0.252191104782776 0.252191104782776 0.252191104782776
0.249178418966384 0.249178418966384 0.249178418966384 0.249178418966384
0.268678844349042 0.268678844349042 0.268678844349042 0.268678844349042
0.242492857588626 0.242492857588626 0.242492857588626 0.242492857588626
0.278694342738651 0.278694342738651 0.278694342738651 0.278694342738651
0.226806811719849 0.226806811719849 0.226806811719849 0.226806811719849
0.24110486172289 0.24110486172289 0.24110486172289 0.24110486172289
0.241254966827035 0.241254966827035 0.241254966827035 0.241254966827035
0.255944508907544 0.255944508907544 0.255944508907544 0.255944508907544
0.252315243760243 0.252315243760243 0.252315243760243 0.252315243760243
0.253231550775172 0.253231550775172 0.253231550775172 0.253231550775172
0.288520944158827 0.288520944158827 0.288520944158827 0.288520944158827
0.25176228785037 0.25176228785037 0.25176228785037 0.25176228785037
0.25176228785037 0.25176228785037 0.25176228785037 0.25176228785037
0.245332627447544 0.245332627447544 0.245332627447544 0.245332627447544
0.275314425958785 0.275314425958785 0.275314425958785 0.275314425958785
0.245741108401348 0.245741108401348 0.245741108401348 0.245741108401348
0.266579012891887 0.266579012891887 0.266579012891887 0.266579012891887
0.266579012891887 0.266579012891887 0.266579012891887 0.266579012891887
0.288578639404444 0.288578639404444 0.288578639404444 0.288578639404444
0.269637340956293 0.269637340956293 0.269637340956293 0.269637340956293
0.254429912452037 0.254429912452037 0.254429912452037 0.254429912452037
0.276802041759701 0.276802041759701 0.276802041759701 0.276802041759701
0.266769294365299 0.266769294365299 0.266769294365299 0.266769294365299
0.266769294365299 0.266769294365299 0.266769294365299 0.266769294365299
0.252547003592989 0.252547003592989 0.252547003592989 0.252547003592989
0.26055237263542 0.26055237263542 0.26055237263542 0.26055237263542
0.257579924018198 0.257579924018198 0.257579924018198 0.257579924018198
0.296332527131557 0.296332527131557 0.296332527131557 0.296332527131557
0.254755313277415 0.254755313277415 0.254755313277415 0.254755313277415
0.237225945024692 0.237225945024692 0.237225945024692 0.237225945024692
0.258522852674241 0.258522852674241 0.258522852674241 0.258522852674241
0.225534896351142 0.225534896351142 0.225534896351142 0.225534896351142
0.259099582790079 0.259099582790079 0.259099582790079 0.259099582790079
0.269238777521296 0.269238777521296 0.269238777521296 0.269238777521296
0.288444884726038 0.288444884726038 0.288444884726038 0.288444884726038
0.269704096929102 0.269704096929102 0.269704096929102 0.269704096929102
0.269704096929102 0.269704096929102 0.269704096929102 0.269704096929102
0.269704096929102 0.269704096929102 0.269704096929102 0.269704096929102
0.243599539820846 0.243599539820846 0.243599539820846 0.243599539820846
0.21828033444926 0.21828033444926 0.21828033444926 0.21828033444926
0.254128853030893 0.254128853030893 0.254128853030893 0.254128853030893
0.25149855688705 0.25149855688705 0.25149855688705 0.25149855688705
0.250664017254366 0.250664017254366 0.250664017254366 0.250664017254366
0.266077358872367 0.266077358872367 0.266077358872367 0.266077358872367
0.253226451461184 0.253226451461184 0.253226451461184 0.253226451461184
0.262223256413513 0.262223256413513 0.262223256413513 0.262223256413513
0.248658105148415 0.248658105148415 0.248658105148415 0.248658105148415
0.248658105148415 0.248658105148415 0.248658105148415 0.248658105148415
0.248658105148415 0.248658105148415 0.248658105148415 0.248658105148415
0.248658105148415 0.248658105148415 0.248658105148415 0.248658105148415
0.248658105148415 0.248658105148415 0.248658105148415 0.248658105148415
0.243612565295696 0.243612565295696 0.243612565295696 0.243612565295696
0.263515476218974 0.263515476218974 0.263515476218974 0.263515476218974
0.268121767627048 0.268121767627048 0.268121767627048 0.268121767627048
0.283443899861871 0.283443899861871 0.283443899861871 0.283443899861871
0.2695320669803 0.2695320669803 0.2695320669803 0.2695320669803
0.25437196255302 0.25437196255302 0.25437196255302 0.25437196255302
0.272701761969936 0.272701761969936 0.272701761969936 0.272701761969936
0.257039592460436 0.257039592460436 0.257039592460436 0.257039592460436
0.263634382926251 0.263634382926251 0.263634382926251 0.263634382926251
0.235042527867411 0.235042527867411 0.235042527867411 0.235042527867411
0.215179674183519 0.215179674183519 0.215179674183519 0.215179674183519
0.285969220768621 0.285969220768621 0.285969220768621 0.285969220768621
0.2300461424419 0.2300461424419 0.2300461424419 0.2300461424419
0.297655679141142 0.297655679141142 0.297655679141142 0.297655679141142
0.240905548847517 0.240905548847517 0.240905548847517 0.240905548847517
0.233556977193572 0.233556977193572 0.233556977193572 0.233556977193572
0.240102118452871 0.240102118452871 0.240102118452871 0.240102118452871
0.249088367072088 0.249088367072088 0.249088367072088 0.249088367072088
0.25933894477574 0.25933894477574 0.25933894477574 0.25933894477574
0.239433560697999 0.239433560697999 0.239433560697999 0.239433560697999
0.250534274211377 0.250534274211377 0.250534274211377 0.250534274211377
0.238050296317732 0.238050296317732 0.238050296317732 0.238050296317732
0.216564390263233 0.216564390263233 0.216564390263233 0.216564390263233
0.23462816238911 0.23462816238911 0.23462816238911 0.23462816238911
0.23462816238911 0.23462816238911 0.23462816238911 0.23462816238911
0.23462816238911 0.23462816238911 0.23462816238911 0.23462816238911
0.280815533090735 0.280815533090735 0.280815533090735 0.280815533090735
0.249045466292204 0.249045466292204 0.249045466292204 0.249045466292204
0.225594971006635 0.225594971006635 0.225594971006635 0.225594971006635
0.230123696540044 0.230123696540044 0.230123696540044 0.230123696540044
0.232391495482169 0.232391495482169 0.232391495482169 0.232391495482169
0.229938565989073 0.229938565989073 0.229938565989073 0.229938565989073
0.235168233853881 0.235168233853881 0.235168233853881 0.235168233853881
0.263293616598055 0.263293616598055 0.263293616598055 0.263293616598055
0.22902316302334 0.22902316302334 0.22902316302334 0.22902316302334
0.230367325770156 0.230367325770156 0.230367325770156 0.230367325770156
0.24248702705384 0.24248702705384 0.24248702705384 0.24248702705384
0.24883262813873 0.24883262813873 0.24883262813873 0.24883262813873
0.252262070115032 0.252262070115032 0.252262070115032 0.252262070115032
0.279329748372178 0.279329748372178 0.279329748372178 0.279329748372178
0.237199641339535 0.237199641339535 0.237199641339535 0.237199641339535
0.228827068459021 0.228827068459021 0.228827068459021 0.228827068459021
0.236925481910128 0.236925481910128 0.236925481910128 0.236925481910128
0.256155125569181 0.256155125569181 0.256155125569181 0.256155125569181
0.251749406067105 0.251749406067105 0.251749406067105 0.251749406067105
0.240238340344851 0.240238340344851 0.240238340344851 0.240238340344851
0.229407570517423 0.229407570517423 0.229407570517423 0.229407570517423
0.248541695911398 0.248541695911398 0.248541695911398 0.248541695911398
0.248541695911398 0.248541695911398 0.248541695911398 0.248541695911398
0.231244082268633 0.231244082268633 0.231244082268633 0.231244082268633
0.232282898755589 0.232282898755589 0.232282898755589 0.232282898755589
0.23616070279239 0.23616070279239 0.23616070279239 0.23616070279239
0.242281889070204 0.242281889070204 0.242281889070204 0.242281889070204
0.242284082791594 0.242284082791594 0.242284082791594 0.242284082791594
0.242284082791594 0.242284082791594 0.242284082791594 0.242284082791594
0.249822822915427 0.249822822915427 0.249822822915427 0.249822822915427
0.249822822915427 0.249822822915427 0.249822822915427 0.249822822915427
0.23891206618152 0.23891206618152 0.23891206618152 0.23891206618152
0.23891206618152 0.23891206618152 0.23891206618152 0.23891206618152
0.26264090522446 0.26264090522446 0.26264090522446 0.26264090522446
0.258907519375026 0.258907519375026 0.258907519375026 0.258907519375026
0.246676989910001 0.246676989910001 0.246676989910001 0.246676989910001
0.246676989910001 0.246676989910001 0.246676989910001 0.246676989910001
0.258637456043496 0.258637456043496 0.258637456043496 0.258637456043496
0.293307041677676 0.293307041677676 0.293307041677676 0.293307041677676
0.236223845132876 0.236223845132876 0.236223845132876 0.236223845132876
0.240395575563394 0.240395575563394 0.240395575563394 0.240395575563394
0.256181606469618 0.256181606469618 0.256181606469618 0.256181606469618
0.224859157985233 0.224859157985233 0.224859157985233 0.224859157985233
0.246654404118441 0.246654404118441 0.246654404118441 0.246654404118441
0.258198215875522 0.258198215875522 0.258198215875522 0.258198215875522
0.281122582582363 0.281122582582363 0.281122582582363 0.281122582582363
0.240183846913467 0.240183846913467 0.240183846913467 0.240183846913467
0.245850600696536 0.245850600696536 0.245850600696536 0.245850600696536
0.245850600696536 0.245850600696536 0.245850600696536 0.245850600696536
0.247176814919494 0.247176814919494 0.247176814919494 0.247176814919494
0.219496731909456 0.219496731909456 0.219496731909456 0.219496731909456
0.277246019313509 0.277246019313509 0.277246019313509 0.277246019313509
0.277246019313509 0.277246019313509 0.277246019313509 0.277246019313509
0.23468786209423 0.23468786209423 0.23468786209423 0.23468786209423
0.218953503751654 0.218953503751654 0.218953503751654 0.218953503751654
0.248044484913201 0.248044484913201 0.248044484913201 0.248044484913201
0.244162932031001 0.244162932031001 0.244162932031001 0.244162932031001
0.232302401076811 0.232302401076811 0.232302401076811 0.232302401076811
0.232302401076811 0.232302401076811 0.232302401076811 0.232302401076811
0.242554750895421 0.242554750895421 0.242554750895421 0.242554750895421
0.291039975492058 0.291039975492058 0.291039975492058 0.291039975492058
0.226204348352173 0.226204348352173 0.226204348352173 0.226204348352173
0.226982378151263 0.226982378151263 0.226982378151263 0.226982378151263
0.273519174043519 0.273519174043519 0.273519174043519 0.273519174043519
0.243222775161132 0.243222775161132 0.243222775161132 0.243222775161132
0.241775525555304 0.241775525555304 0.241775525555304 0.241775525555304
0.241775525555304 0.241775525555304 0.241775525555304 0.241775525555304
0.23085916373861 0.23085916373861 0.23085916373861 0.23085916373861
0.241558293802458 0.241558293802458 0.241558293802458 0.241558293802458
0.232612111207846 0.232612111207846 0.232612111207846 0.232612111207846
0.225445587420716 0.225445587420716 0.225445587420716 0.225445587420716
0.268066911730479 0.268066911730479 0.268066911730479 0.268066911730479
0.268066911730479 0.268066911730479 0.268066911730479 0.268066911730479
0.232079464859089 0.232079464859089 0.232079464859089 0.232079464859089
0.256522196615948 0.256522196615948 0.256522196615948 0.256522196615948
0.258374474890943 0.258374474890943 0.258374474890943 0.258374474890943
0.22861608966819 0.22861608966819 0.22861608966819 0.22861608966819
0.25217837587696 0.25217837587696 0.25217837587696 0.25217837587696
0.266990786174163 0.266990786174163 0.266990786174163 0.266990786174163
0.279597924023333 0.279597924023333 0.279597924023333 0.279597924023333
0.281194454485988 0.281194454485988 0.281194454485988 0.281194454485988
0.235624969947686 0.235624969947686 0.235624969947686 0.235624969947686
0.256452878003967 0.256452878003967 0.256452878003967 0.256452878003967
0.240877012706154 0.240877012706154 0.240877012706154 0.240877012706154
0.241884224392762 0.241884224392762 0.241884224392762 0.241884224392762
0.238876299694331 0.238876299694331 0.238876299694331 0.238876299694331
0.269064667295988 0.269064667295988 0.269064667295988 0.269064667295988
0.26008951249709 0.26008951249709 0.26008951249709 0.26008951249709
0.210247142953745 0.210247142953745 0.210247142953745 0.210247142953745
0.289445723335949 0.289445723335949 0.289445723335949 0.289445723335949
0.272802782978054 0.272802782978054 0.272802782978054 0.272802782978054
0.281216940661523 0.281216940661523 0.281216940661523 0.281216940661523
0.250924113157242 0.250924113157242 0.250924113157242 0.250924113157242
0.207708740955434 0.207708740955434 0.207708740955434 0.207708740955434
0.237243748548443 0.237243748548443 0.237243748548443 0.237243748548443
0.236519412487202 0.236519412487202 0.236519412487202 0.236519412487202
0.230819596435167 0.230819596435167 0.230819596435167 0.230819596435167
0.230819596435167 0.230819596435167 0.230819596435167 0.230819596435167
0.237544672481414 0.237544672481414 0.237544672481414 0.237544672481414
0.233951857475913 0.233951857475913 0.233951857475913 0.233951857475913
0.235576441180283 0.235576441180283 0.235576441180283 0.235576441180283
0.262791830902807 0.262791830902807 0.262791830902807 0.262791830902807
0.266214561335223 0.266214561335223 0.266214561335223 0.266214561335223
0.232256804560604 0.232256804560604 0.232256804560604 0.232256804560604
0.246801982094197 0.246801982094197 0.246801982094197 0.246801982094197
0.251402415835886 0.251402415835886 0.251402415835886 0.251402415835886
0.251270741928681 0.251270741928681 0.251270741928681 0.251270741928681
0.254326187449161 0.254326187449161 0.254326187449161 0.254326187449161
0.249821952181373 0.249821952181373 0.249821952181373 0.249821952181373
0.253162289301461 0.253162289301461 0.253162289301461 0.253162289301461
0.282079924665358 0.282079924665358 0.282079924665358 0.282079924665358
0.243590989007941 0.243590989007941 0.243590989007941 0.243590989007941
0.25199155859103 0.25199155859103 0.25199155859103 0.25199155859103
0.246548494652989 0.246548494652989 0.246548494652989 0.246548494652989
0.252872594651512 0.252872594651512 0.252872594651512 0.252872594651512
0.252872594651512 0.252872594651512 0.252872594651512 0.252872594651512
0.256408620328 0.256408620328 0.256408620328 0.256408620328
0.268477317228774 0.268477317228774 0.268477317228774 0.268477317228774
0.244358288761868 0.244358288761868 0.244358288761868 0.244358288761868
0.257015615354125 0.257015615354125 0.257015615354125 0.257015615354125
0.254693733688213 0.254693733688213 0.254693733688213 0.254693733688213
0.258151412235659 0.258151412235659 0.258151412235659 0.258151412235659
0.256292399675517 0.256292399675517 0.256292399675517 0.256292399675517
0.214980646685971 0.214980646685971 0.214980646685971 0.214980646685971
0.259539115288717 0.259539115288717 0.259539115288717 0.259539115288717
0.249120416802454 0.249120416802454 0.249120416802454 0.249120416802454
0.282044046140507 0.282044046140507 0.282044046140507 0.282044046140507
0.24956384495508 0.24956384495508 0.24956384495508 0.24956384495508
0.212293215719665 0.212293215719665 0.212293215719665 0.212293215719665
0.297892973028879 0.297892973028879 0.297892973028879 0.297892973028879
0.244836380872546 0.244836380872546 0.244836380872546 0.244836380872546
0.26954051914875 0.26954051914875 0.26954051914875 0.26954051914875
0.228382885675895 0.228382885675895 0.228382885675895 0.228382885675895
0.260020590129012 0.260020590129012 0.260020590129012 0.260020590129012
0.260020590129012 0.260020590129012 0.260020590129012 0.260020590129012
0.256545531277948 0.256545531277948 0.256545531277948 0.256545531277948
0.256545531277948 0.256545531277948 0.256545531277948 0.256545531277948
0.247697681188201 0.247697681188201 0.247697681188201 0.247697681188201
0.235458817763258 0.235458817763258 0.235458817763258 0.235458817763258
0.230120113843906 0.230120113843906 0.230120113843906 0.230120113843906
0.2509956619125 0.2509956619125 0.2509956619125 0.2509956619125
0.225885408257276 0.225885408257276 0.225885408257276 0.225885408257276
0.29059282560954 0.29059282560954 0.29059282560954 0.29059282560954
0.195335263055193 0.195335263055193 0.195335263055193 0.195335263055193
0.255936245391458 0.255936245391458 0.255936245391458 0.255936245391458
0.234539092730851 0.234539092730851 0.234539092730851 0.234539092730851
0.269439549771316 0.269439549771316 0.269439549771316 0.269439549771316
0.248348958262757 0.248348958262757 0.248348958262757 0.248348958262757
0.270933751027786 0.270933751027786 0.270933751027786 0.270933751027786
0.240109780131706 0.240109780131706 0.240109780131706 0.240109780131706
0.243340939756864 0.243340939756864 0.243340939756864 0.243340939756864
0.280384198494159 0.280384198494159 0.280384198494159 0.280384198494159
0.254414187625872 0.254414187625872 0.254414187625872 0.254414187625872
0.25757328781626 0.25757328781626 0.25757328781626 0.25757328781626
0.27749484631608 0.27749484631608 0.27749484631608 0.27749484631608
0.253965353091254 0.253965353091254 0.253965353091254 0.253965353091254
0.25822786911677 0.25822786911677 0.25822786911677 0.25822786911677
0.277313566452646 0.277313566452646 0.277313566452646 0.277313566452646
0.242800998446949 0.242800998446949 0.242800998446949 0.242800998446949
0.267537685631393 0.267537685631393 0.267537685631393 0.267537685631393
0.242074306525202 0.242074306525202 0.242074306525202 0.242074306525202
0.287186379289067 0.287186379289067 0.287186379289067 0.287186379289067
0.242564194721666 0.242564194721666 0.242564194721666 0.242564194721666
0.26561758886969 0.26561758886969 0.26561758886969 0.26561758886969
0.26561758886969 0.26561758886969 0.26561758886969 0.26561758886969
0.262246612493287 0.262246612493287 0.262246612493287 0.262246612493287
0.262154363442536 0.262154363442536 0.262154363442536 0.262154363442536
0.29280048510458 0.29280048510458 0.29280048510458 0.29280048510458
0.24085927750381 0.24085927750381 0.24085927750381 0.24085927750381
0.254922028587533 0.254922028587533 0.254922028587533 0.254922028587533
0.243598420260845 0.243598420260845 0.243598420260845 0.243598420260845
0.241301419974255 0.241301419974255 0.241301419974255 0.241301419974255
0.233588489747703 0.233588489747703 0.233588489747703 0.233588489747703
0.224878025465317 0.224878025465317 0.224878025465317 0.224878025465317
0.224878025465317 0.224878025465317 0.224878025465317 0.224878025465317
0.277265854168061 0.277265854168061 0.277265854168061 0.277265854168061
0.277265854168061 0.277265854168061 0.277265854168061 0.277265854168061
0.239209401301113 0.239209401301113 0.239209401301113 0.239209401301113
0.239209401301113 0.239209401301113 0.239209401301113 0.239209401301113
0.256706997874827 0.256706997874827 0.256706997874827 0.256706997874827
0.252278901529982 0.252278901529982 0.252278901529982 0.252278901529982
0.256161407086192 0.256161407086192 0.256161407086192 0.256161407086192
0.256161407086192 0.256161407086192 0.256161407086192 0.256161407086192
0.24522699103992 0.24522699103992 0.24522699103992 0.24522699103992
0.250717356553877 0.250717356553877 0.250717356553877 0.250717356553877
0.282469559849944 0.282469559849944 0.282469559849944 0.282469559849944
0.250455490046573 0.250455490046573 0.250455490046573 0.250455490046573
0.262701052984136 0.262701052984136 0.262701052984136 0.262701052984136
0.241666704851671 0.241666704851671 0.241666704851671 0.241666704851671
0.241666704851671 0.241666704851671 0.241666704851671 0.241666704851671
0.223042598814307 0.223042598814307 0.223042598814307 0.223042598814307
0.220119951078955 0.220119951078955 0.220119951078955 0.220119951078955
0.21433046682107 0.21433046682107 0.21433046682107 0.21433046682107
0.249862666504665 0.249862666504665 0.249862666504665 0.249862666504665
0.252994054733377 0.252994054733377 0.252994054733377 0.252994054733377
0.274118101261396 0.274118101261396 0.274118101261396 0.274118101261396
0.256545888194413 0.256545888194413 0.256545888194413 0.256545888194413
0.250754612471728 0.250754612471728 0.250754612471728 0.250754612471728
0.21768013573467 0.21768013573467 0.21768013573467 0.21768013573467
0.222789561757171 0.222789561757171 0.222789561757171 0.222789561757171
0.248647651119858 0.248647651119858 0.248647651119858 0.248647651119858
0.248674004491533 0.248674004491533 0.248674004491533 0.248674004491533
0.237021697164151 0.237021697164151 0.237021697164151 0.237021697164151
0.227522256748945 0.227522256748945 0.227522256748945 0.227522256748945
0.229121929347936 0.229121929347936 0.229121929347936 0.229121929347936
0.237328687784909 0.237328687784909 0.237328687784909 0.237328687784909
0.237328687784909 0.237328687784909 0.237328687784909 0.237328687784909
0.227381042568925 0.227381042568925 0.227381042568925 0.227381042568925
0.222097434815636 0.222097434815636 0.222097434815636 0.222097434815636
0.21263516756506 0.21263516756506 0.21263516756506 0.21263516756506
0.209287654488307 0.209287654488307 0.209287654488307 0.209287654488307
0.248242109637866 0.248242109637866 0.248242109637866 0.248242109637866
0.234777312108853 0.234777312108853 0.234777312108853 0.234777312108853
0.233330047332672 0.233330047332672 0.233330047332672 0.233330047332672
0.252658460252893 0.252658460252893 0.252658460252893 0.252658460252893
0.242216702408271 0.242216702408271 0.242216702408271 0.242216702408271
0.236006627598774 0.236006627598774 0.236006627598774 0.236006627598774
0.215662591634159 0.215662591634159 0.215662591634159 0.215662591634159
0.270700800606892 0.270700800606892 0.270700800606892 0.270700800606892
0.256462324259135 0.256462324259135 0.256462324259135 0.256462324259135
0.271986560303064 0.271986560303064 0.271986560303064 0.271986560303064
0.292999827101539 0.292999827101539 0.292999827101539 0.292999827101539
0.246918124888318 0.246918124888318 0.246918124888318 0.246918124888318
0.251125860251281 0.251125860251281 0.251125860251281 0.251125860251281
0.240080584698064 0.240080584698064 0.240080584698064 0.240080584698064
0.234490502862488 0.234490502862488 0.234490502862488 0.234490502862488
0.234490502862488 0.234490502862488 0.234490502862488 0.234490502862488
0.239226441854029 0.239226441854029 0.239226441854029 0.239226441854029
0.231360295494583 0.231360295494583 0.231360295494583 0.231360295494583
0.231360295494583 0.231360295494583 0.231360295494583 0.231360295494583
0.235157205220358 0.235157205220358 0.235157205220358 0.235157205220358
0.238551888798477 0.238551888798477 0.238551888798477 0.238551888798477
0.238551888798477 0.238551888798477 0.238551888798477 0.238551888798477
0.224038987994647 0.224038987994647 0.224038987994647 0.224038987994647
0.224038987994647 0.224038987994647 0.224038987994647 0.224038987994647
0.262613815124365 0.262613815124365 0.262613815124365 0.262613815124365
0.241083738665816 0.241083738665816 0.241083738665816 0.241083738665816
0.24255964708349 0.24255964708349 0.24255964708349 0.24255964708349
0.217398342642562 0.217398342642562 0.217398342642562 0.217398342642562
0.268869645933573 0.268869645933573 0.268869645933573 0.268869645933573
0.263014262705204 0.263014262705204 0.263014262705204 0.263014262705204
0.239638984905415 0.239638984905415 0.239638984905415 0.239638984905415
