5843.05892955425 5843.05892955425 5843.05892955425 5843.05892955425
5926.95388285482 5926.95388285482 5926.95388285482 5926.95388285482
6806.84938516126 6806.84938516126 6806.84938516126 6806.84938516126
7932.95818649106 7932.95818649106 7932.95818649106 7932.95818649106
7479.50419743937 7479.50419743937 7479.50419743937 7479.50419743937
6367.25333199819 6367.25333199819 6367.25333199819 6367.25333199819
5945.53219383703 5945.53219383703 5945.53219383703 5945.53219383703
6394.2926007919 6394.2926007919 6394.2926007919 6394.2926007919
5548.60050736998 5548.60050736998 5548.60050736998 5548.60050736998
5689.19323433648 5689.19323433648 5689.19323433648 5689.19323433648
5913.6702347326 5913.6702347326 5913.6702347326 5913.6702347326
6051.28552209101 6051.28552209101 6051.28552209101 6051.28552209101
6765.78824878288 6765.78824878288 6765.78824878288 6765.78824878288
7543.27280696044 7543.27280696044 7543.27280696044 7543.27280696044
8153.52791084984 8153.52791084984 8153.52791084984 8153.52791084984
8163.43443003508 8163.43443003508 8163.43443003508 8163.43443003508
9297.38616437796 9297.38616437796 9297.38616437796 9297.38616437796
11321.1414127533 11321.1414127533 11321.1414127533 11321.1414127533
10438.113591212 10438.113591212 10438.113591212 10438.113591212
10231.4775809847 10231.4775809847 10231.4775809847 10231.4775809847
9466.162241466 9466.162241466 9466.162241466 9466.162241466
9713.96899133584 9713.96899133584 9713.96899133584 9713.96899133584
9756.17345096629 9756.17345096629 9756.17345096629 9756.17345096629
8900.93946159195 8900.93946159195 8900.93946159195 8900.93946159195
8993.73947915563 8993.73947915563 8993.73947915563 8993.73947915563
9142.00319580036 9142.00319580036 9142.00319580036 9142.00319580036
7352.12042032006 7352.12042032006 7352.12042032006 7352.12042032006
8591.81941664816 8591.81941664816 8591.81941664816 8591.81941664816
9242.27191057428 9242.27191057428 9242.27191057428 9242.27191057428
9541.36128417601 9541.36128417601 9541.36128417601 9541.36128417601
8739.44814152634 8739.44814152634 8739.44814152634 8739.44814152634
8434.14866804854 8434.14866804854 8434.14866804854 8434.14866804854
8465.11934474577 8465.11934474577 8465.11934474577 8465.11934474577
8209.06782574131 8209.06782574131 8209.06782574131 8209.06782574131
9099.00002271197 9099.00002271197 9099.00002271197 9099.00002271197
9746.68847076539 9746.68847076539 9746.68847076539 9746.68847076539
9942.86829965025 9942.86829965025 9942.86829965025 9942.86829965025
10658.62660907 10658.62660907 10658.62660907 10658.62660907
11158.3444514798 11158.3444514798 11158.3444514798 11158.3444514798
11002.394792121 11002.394792121 11002.394792121 11002.394792121
11584.8872968451 11584.8872968451 11584.8872968451 11584.8872968451
11006.7951976359 11006.7951976359 11006.7951976359 11006.7951976359
10834.2334753173 10834.2334753173 10834.2334753173 10834.2334753173
10398.7718607704 10398.7718607704 10398.7718607704 10398.7718607704
11244.4556017938 11244.4556017938 11244.4556017938 11244.4556017938
11555.8018973695 11555.8018973695 11555.8018973695 11555.8018973695
11102.539385913 11102.539385913 11102.539385913 11102.539385913
10097.2046349193 10097.2046349193 10097.2046349193 10097.2046349193
9592.22000475452 9592.22000475452 9592.22000475452 9592.22000475452
11875.9829001698 11875.9829001698 11875.9829001698 11875.9829001698
11558.1189566501 11558.1189566501 11558.1189566501 11558.1189566501
11909.7911217442 11909.7911217442 11909.7911217442 11909.7911217442
11144.9191730149 11144.9191730149 11144.9191730149 11144.9191730149
11561.741534334 11561.741534334 11561.741534334 11561.741534334
11817.0441924779 11817.0441924779 11817.0441924779 11817.0441924779
12244.2714582558 12244.2714582558 12244.2714582558 12244.2714582558
12778.2173418202 12778.2173418202 12778.2173418202 12778.2173418202
12553.464950222 12553.464950222 12553.464950222 12553.464950222
12912.9452666687 12912.9452666687 12912.9452666687 12912.9452666687
12361.6684338114 12361.6684338114 12361.6684338114 12361.6684338114
12056.4103089113 12056.4103089113 12056.4103089113 12056.4103089113
12156.5500462855 12156.5500462855 12156.5500462855 12156.5500462855
13004.1519151967 13004.1519151967 13004.1519151967 13004.1519151967
13057.9482054109 13057.9482054109 13057.9482054109 13057.9482054109
12105.3205466206 12105.3205466206 12105.3205466206 12105.3205466206
11888.8034270182 11888.8034270182 11888.8034270182 11888.8034270182
10704.4916013853 10704.4916013853 10704.4916013853 10704.4916013853
10204.8531729663 10204.8531729663 10204.8531729663 10204.8531729663
10617.4620347804 10617.4620347804 10617.4620347804 10617.4620347804
10264.9385543067 10264.9385543067 10264.9385543067 10264.9385543067
10604.4302187246 10604.4302187246 10604.4302187246 10604.4302187246
11541.2940391329 11541.2940391329 11541.2940391329 11541.2940391329
12402.5079358683 12402.5079358683 12402.5079358683 12402.5079358683
11937.0352430428 11937.0352430428 11937.0352430428 11937.0352430428
10943.3953042345 10943.3953042345 10943.3953042345 10943.3953042345
9933.62741024612 9933.62741024612 9933.62741024612 9933.62741024612
9718.6124458338 9718.6124458338 9718.6124458338 9718.6124458338
9454.07250624305 9454.07250624305 9454.07250624305 9454.07250624305
9034.3615164286 9034.3615164286 9034.3615164286 9034.3615164286
8663.32976131321 8663.32976131321 8663.32976131321 8663.32976131321
8986.8883061878 8986.8883061878 8986.8883061878 8986.8883061878
8788.34937445213 8788.34937445213 8788.34937445213 8788.34937445213
8239.85938342814 8239.85938342814 8239.85938342814 8239.85938342814
8211.16984800866 8211.16984800866 8211.16984800866 8211.16984800866
8709.331288779 8709.331288779 8709.331288779 8709.331288779
8817.07818764271 8817.07818764271 8817.07818764271 8817.07818764271
8563.70358239698 8563.70358239698 8563.70358239698 8563.70358239698
8635.63063829072 8635.63063829072 8635.63063829072 8635.63063829072
8353.52644251837 8353.52644251837 8353.52644251837 8353.52644251837
7528.36141392509 7528.36141392509 7528.36141392509 7528.36141392509
7285.17225197357 7285.17225197357 7285.17225197357 7285.17225197357
7043.19666139087 7043.19666139087 7043.19666139087 7043.19666139087
8166.61345474469 8166.61345474469 8166.61345474469 8166.61345474469
7760.67405107094 7760.67405107094 7760.67405107094 7760.67405107094
6881.35130365862 6881.35130365862 6881.35130365862 6881.35130365862
7497.10921109718 7497.10921109718 7497.10921109718 7497.10921109718
7962.35636345425 7962.35636345425 7962.35636345425 7962.35636345425
7908.74556295207 7908.74556295207 7908.74556295207 7908.74556295207
7407.17784850942 7407.17784850942 7407.17784850942 7407.17784850942
7710.00689674145 7710.00689674145 7710.00689674145 7710.00689674145
8016.07561658914 8016.07561658914 8016.07561658914 8016.07561658914
8887.75752370448 8887.75752370448 8887.75752370448 8887.75752370448
8730.76092426042 8730.76092426042 8730.76092426042 8730.76092426042
9567.3444622654 9567.3444622654 9567.3444622654 9567.3444622654
10321.7194066258 10321.7194066258 10321.7194066258 10321.7194066258
10588.2951209092 10588.2951209092 10588.2951209092 10588.2951209092
10233.435043881 10233.435043881 10233.435043881 10233.435043881
9507.66496886532 9507.66496886532 9507.66496886532 9507.66496886532
10458.1770675055 10458.1770675055 10458.1770675055 10458.1770675055
10519.2855544148 10519.2855544148 10519.2855544148 10519.2855544148
10799.7193358775 10799.7193358775 10799.7193358775 10799.7193358775
10606.9699048512 10606.9699048512 10606.9699048512 10606.9699048512
11043.966066284 11043.966066284 11043.966066284 11043.966066284
10785.8140063005 10785.8140063005 10785.8140063005 10785.8140063005
11767.1199073658 11767.1199073658 11767.1199073658 11767.1199073658
11971.5285654347 11971.5285654347 11971.5285654347 11971.5285654347
11445.5922195071 11445.5922195071 11445.5922195071 11445.5922195071
11712.612538011 11712.612538011 11712.612538011 11712.612538011
12578.440929811 12578.440929811 12578.440929811 12578.440929811
13633.1657968883 13633.1657968883 13633.1657968883 13633.1657968883
14941.511456247 14941.511456247 14941.511456247 14941.511456247
16099.9917813739 16099.9917813739 16099.9917813739 16099.9917813739
16447.464386803 16447.464386803 16447.464386803 16447.464386803
16867.8515066578 16867.8515066578 16867.8515066578 16867.8515066578
15911.3812944476 15911.3812944476 15911.3812944476 15911.3812944476
17058.4636937315 17058.4636937315 17058.4636937315 17058.4636937315
17300.570024256 17300.570024256 17300.570024256 17300.570024256
16515.1606823721 16515.1606823721 16515.1606823721 16515.1606823721
16678.8022532956 16678.8022532956 16678.8022532956 16678.8022532956
16833.1928824828 16833.1928824828 16833.1928824828 16833.1928824828
16982.1097235908 16982.1097235908 16982.1097235908 16982.1097235908
16993.6920034269 16993.6920034269 16993.6920034269 16993.6920034269
18137.2133223986 18137.2133223986 18137.2133223986 18137.2133223986
18003.0514733534 18003.0514733534 18003.0514733534 18003.0514733534
17602.3901185313 17602.3901185313 17602.3901185313 17602.3901185313
17504.0714189481 17504.0714189481 17504.0714189481 17504.0714189481
16753.606390753 16753.606390753 16753.606390753 16753.606390753
16822.4372484062 16822.4372484062 16822.4372484062 16822.4372484062
17160.9178452948 17160.9178452948 17160.9178452948 17160.9178452948
17339.0932952834 17339.0932952834 17339.0932952834 17339.0932952834
17196.9426733068 17196.9426733068 17196.9426733068 17196.9426733068
16515.9274380389 16515.9274380389 16515.9274380389 16515.9274380389
17008.3387828507 17008.3387828507 17008.3387828507 17008.3387828507
17252.2787007407 17252.2787007407 17252.2787007407 17252.2787007407
16860.6039292119 16860.6039292119 16860.6039292119 16860.6039292119
16349.1613690399 16349.1613690399 16349.1613690399 16349.1613690399
16381.1161697674 16381.1161697674 16381.1161697674 16381.1161697674
16580.4686464836 16580.4686464836 16580.4686464836 16580.4686464836
16412.1971414222 16412.1971414222 16412.1971414222 16412.1971414222
17405.1990078474 17405.1990078474 17405.1990078474 17405.1990078474
17296.9233418197 17296.9233418197 17296.9233418197 17296.9233418197
18103.8873587863 18103.8873587863 18103.8873587863 18103.8873587863
18258.6266385 18258.6266385 18258.6266385 18258.6266385
17868.9892268917 17868.9892268917 17868.9892268917 17868.9892268917
17634.6030845497 17634.6030845497 17634.6030845497 17634.6030845497
17495.2089228902 17495.2089228902 17495.2089228902 17495.2089228902
18374.8122733637 18374.8122733637 18374.8122733637 18374.8122733637
18406.1010683148 18406.1010683148 18406.1010683148 18406.1010683148
18167.9398659414 18167.9398659414 18167.9398659414 18167.9398659414
18648.2781655295 18648.2781655295 18648.2781655295 18648.2781655295
19009.8994552125 19009.8994552125 19009.8994552125 19009.8994552125
18931.7137001799 18931.7137001799 18931.7137001799 18931.7137001799
19744.8766721324 19744.8766721324 19744.8766721324 19744.8766721324
19025.8037253707 19025.8037253707 19025.8037253707 19025.8037253707
19781.0718015286 19781.0718015286 19781.0718015286 19781.0718015286
19954.6412318301 19954.6412318301 19954.6412318301 19954.6412318301
19723.0457874631 19723.0457874631 19723.0457874631 19723.0457874631
18845.4010814733 18845.4010814733 18845.4010814733 18845.4010814733
17921.2230850703 17921.2230850703 17921.2230850703 17921.2230850703
17343.7648108106 17343.7648108106 17343.7648108106 17343.7648108106
18151.9620556432 18151.9620556432 18151.9620556432 18151.9620556432
18654.8780848107 18654.8780848107 18654.8780848107 18654.8780848107
17912.6223333194 17912.6223333194 17912.6223333194 17912.6223333194
18360.832869591 18360.832869591 18360.832869591 18360.832869591
18203.5607292095 18203.5607292095 18203.5607292095 18203.5607292095
16951.6829046998 16951.6829046998 16951.6829046998 16951.6829046998
16752.8547040867 16752.8547040867 16752.8547040867 16752.8547040867
17121.2714259139 17121.2714259139 17121.2714259139 17121.2714259139
15964.3009180726 15964.3009180726 15964.3009180726 15964.3009180726
15783.6187374222 15783.6187374222 15783.6187374222 15783.6187374222
16230.078734201 16230.078734201 16230.078734201 16230.078734201
15862.2256152809 15862.2256152809 15862.2256152809 15862.2256152809
15308.8431866712 15308.8431866712 15308.8431866712 15308.8431866712
15752.1231006274 15752.1231006274 15752.1231006274 15752.1231006274
16550.4012784401 16550.4012784401 16550.4012784401 16550.4012784401
15541.4719372108 15541.4719372108 15541.4719372108 15541.4719372108
16256.275574117 16256.275574117 16256.275574117 16256.275574117
16053.6930146213 16053.6930146213 16053.6930146213 16053.6930146213
14751.6657417566 14751.6657417566 14751.6657417566 14751.6657417566
14943.5959785741 14943.5959785741 14943.5959785741 14943.5959785741
14992.5329477965 14992.5329477965 14992.5329477965 14992.5329477965
14065.9137280112 14065.9137280112 14065.9137280112 14065.9137280112
12953.566000477 12953.566000477 12953.566000477 12953.566000477
12082.4696815731 12082.4696815731 12082.4696815731 12082.4696815731
12030.5905641962 12030.5905641962 12030.5905641962 12030.5905641962
12122.0002537689 12122.0002537689 12122.0002537689 12122.0002537689
11520.6946212769 11520.6946212769 11520.6946212769 11520.6946212769
11604.7960841112 11604.7960841112 11604.7960841112 11604.7960841112
12033.790887716 12033.790887716 12033.790887716 12033.790887716
12948.1680329943 12948.1680329943 12948.1680329943 12948.1680329943
13643.1147135001 13643.1147135001 13643.1147135001 13643.1147135001
13984.1235622972 13984.1235622972 13984.1235622972 13984.1235622972
13632.544655702 13632.544655702 13632.544655702 13632.544655702
13422.8105958812 13422.8105958812 13422.8105958812 13422.8105958812
13993.2151322091 13993.2151322091 13993.2151322091 13993.2151322091
14595.4103961638 14595.4103961638 14595.4103961638 14595.4103961638
14258.7284465058 14258.7284465058 14258.7284465058 14258.7284465058
14892.847865283 14892.847865283 14892.847865283 14892.847865283
15749.5023915871 15749.5023915871 15749.5023915871 15749.5023915871
16104.7280180663 16104.7280180663 16104.7280180663 16104.7280180663
15613.6872222269 15613.6872222269 15613.6872222269 15613.6872222269
15111.9419698176 15111.9419698176 15111.9419698176 15111.9419698176
14266.5328818603 14266.5328818603 14266.5328818603 14266.5328818603
14867.0974050851 14867.0974050851 14867.0974050851 14867.0974050851
15039.7699813497 15039.7699813497 15039.7699813497 15039.7699813497
16572.2887602863 16572.2887602863 16572.2887602863 16572.2887602863
16385.2729711684 16385.2729711684 16385.2729711684 16385.2729711684
15729.6942258842 15729.6942258842 15729.6942258842 15729.6942258842
15684.3605118509 15684.3605118509 15684.3605118509 15684.3605118509
15269.1143118303 15269.1143118303 15269.1143118303 15269.1143118303
15561.5279941552 15561.5279941552 15561.5279941552 15561.5279941552
15528.5475751872 15528.5475751872 15528.5475751872 15528.5475751872
15712.6377228045 15712.6377228045 15712.6377228045 15712.6377228045
16495.6134298489 16495.6134298489 16495.6134298489 16495.6134298489
17494.11765471 17494.11765471 17494.11765471 17494.11765471
17554.2934912088 17554.2934912088 17554.2934912088 17554.2934912088
16791.315608774 16791.315608774 16791.315608774 16791.315608774
16204.4153055594 16204.4153055594 16204.4153055594 16204.4153055594
16572.3980645367 16572.3980645367 16572.3980645367 16572.3980645367
15311.0969007357 15311.0969007357 15311.0969007357 15311.0969007357
14830.5165261913 14830.5165261913 14830.5165261913 14830.5165261913
15751.8449125504 15751.8449125504 15751.8449125504 15751.8449125504
15461.4082163675 15461.4082163675 15461.4082163675 15461.4082163675
15802.3189823965 15802.3189823965 15802.3189823965 15802.3189823965
16447.7793148728 16447.7793148728 16447.7793148728 16447.7793148728
16015.0750758484 16015.0750758484 16015.0750758484 16015.0750758484
16463.8059832393 16463.8059832393 16463.8059832393 16463.8059832393
15759.4644711421 15759.4644711421 15759.4644711421 15759.4644711421
16434.8025390408 16434.8025390408 16434.8025390408 16434.8025390408
16739.2893090453 16739.2893090453 16739.2893090453 16739.2893090453
16361.5830055167 16361.5830055167 16361.5830055167 16361.5830055167
15750.3025982336 15750.3025982336 15750.3025982336 15750.3025982336
14705.8448507666 14705.8448507666 14705.8448507666 14705.8448507666
15868.4488674817 15868.4488674817 15868.4488674817 15868.4488674817
15812.3483105188 15812.3483105188 15812.3483105188 15812.3483105188
15898.5283547734 15898.5283547734 15898.5283547734 15898.5283547734
15564.3189804766 15564.3189804766 15564.3189804766 15564.3189804766
15504.38383465 15504.38383465 15504.38383465 15504.38383465
15689.8151253924 15689.8151253924 15689.8151253924 15689.8151253924
15385.7707471183 15385.7707471183 15385.7707471183 15385.7707471183
14813.8216961912 14813.8216961912 14813.8216961912 14813.8216961912
15810.1146928937 15810.1146928937 15810.1146928937 15810.1146928937
15618.8718640624 15618.8718640624 15618.8718640624 15618.8718640624
14042.0383562993 14042.0383562993 14042.0383562993 14042.0383562993
14792.6563585312 14792.6563585312 14792.6563585312 14792.6563585312
14145.8744135685 14145.8744135685 14145.8744135685 14145.8744135685
13530.0808672135 13530.0808672135 13530.0808672135 13530.0808672135
12942.850933586 12942.850933586 12942.850933586 12942.850933586
13353.244398373 13353.244398373 13353.244398373 13353.244398373
13412.5056993986 13412.5056993986 13412.5056993986 13412.5056993986
13235.0018710024 13235.0018710024 13235.0018710024 13235.0018710024
12214.3030368957 12214.3030368957 12214.3030368957 12214.3030368957
11310.4109025698 11310.4109025698 11310.4109025698 11310.4109025698
11794.8161145034 11794.8161145034 11794.8161145034 11794.8161145034
12712.1799010574 12712.1799010574 12712.1799010574 12712.1799010574
13565.5405529996 13565.5405529996 13565.5405529996 13565.5405529996
13385.9315343297 13385.9315343297 13385.9315343297 13385.9315343297
12426.5454658152 12426.5454658152 12426.5454658152 12426.5454658152
12114.451521846 12114.451521846 12114.451521846 12114.451521846
13090.0778129919 13090.0778129919 13090.0778129919 13090.0778129919
13072.1028728406 13072.1028728406 13072.1028728406 13072.1028728406
12638.1489934938 12638.1489934938 12638.1489934938 12638.1489934938
12431.2036694065 12431.2036694065 12431.2036694065 12431.2036694065
12604.7648165269 12604.7648165269 12604.7648165269 12604.7648165269
12481.4193263427 12481.4193263427 12481.4193263427 12481.4193263427
13870.2405670268 13870.2405670268 13870.2405670268 13870.2405670268
13516.3291878597 13516.3291878597 13516.3291878597 13516.3291878597
13057.1198788865 13057.1198788865 13057.1198788865 13057.1198788865
12850.9963529657 12850.9963529657 12850.9963529657 12850.9963529657
14549.4321671623 14549.4321671623 14549.4321671623 14549.4321671623
14733.2182870479 14733.2182870479 14733.2182870479 14733.2182870479
15235.5670065475 15235.5670065475 15235.5670065475 15235.5670065475
15850.295613645 15850.295613645 15850.295613645 15850.295613645
15311.147841024 15311.147841024 15311.147841024 15311.147841024
16040.0655976705 16040.0655976705 16040.0655976705 16040.0655976705
16108.0864593616 16108.0864593616 16108.0864593616 16108.0864593616
15800.3734102381 15800.3734102381 15800.3734102381 15800.3734102381
15959.7222122713 15959.7222122713 15959.7222122713 15959.7222122713
15368.235276762 15368.235276762 15368.235276762 15368.235276762
14681.9445954284 14681.9445954284 14681.9445954284 14681.9445954284
15252.2439696713 15252.2439696713 15252.2439696713 15252.2439696713
15276.2371542447 15276.2371542447 15276.2371542447 15276.2371542447
14305.5379579558 14305.5379579558 14305.5379579558 14305.5379579558
14026.2559746698 14026.2559746698 14026.2559746698 14026.2559746698
14225.8198772563 14225.8198772563 14225.8198772563 14225.8198772563
13337.8880479352 13337.8880479352 13337.8880479352 13337.8880479352
13311.8021935342 13311.8021935342 13311.8021935342 13311.8021935342
13073.9305803285 13073.9305803285 13073.9305803285 13073.9305803285
12166.9504112339 12166.9504112339 12166.9504112339 12166.9504112339
12723.073430067 12723.073430067 12723.073430067 12723.073430067
12551.1858112401 12551.1858112401 12551.1858112401 12551.1858112401
12074.2192325513 12074.2192325513 12074.2192325513 12074.2192325513
11660.0602417194 11660.0602417194 11660.0602417194 11660.0602417194
12888.99174695 12888.99174695 12888.99174695 12888.99174695
14305.1998201031 14305.1998201031 14305.1998201031 14305.1998201031
13641.6619122736 13641.6619122736 13641.6619122736 13641.6619122736
13308.4131792602 13308.4131792602 13308.4131792602 13308.4131792602
13926.5161818568 13926.5161818568 13926.5161818568 13926.5161818568
12871.5119277227 12871.5119277227 12871.5119277227 12871.5119277227
12923.9693354972 12923.9693354972 12923.9693354972 12923.9693354972
12412.0638644844 12412.0638644844 12412.0638644844 12412.0638644844
12495.1325442536 12495.1325442536 12495.1325442536 12495.1325442536
12179.3640497887 12179.3640497887 12179.3640497887 12179.3640497887
13055.0071702504 13055.0071702504 13055.0071702504 13055.0071702504
12742.2453246037 12742.2453246037 12742.2453246037 12742.2453246037
12871.6210302074 12871.6210302074 12871.6210302074 12871.6210302074
13459.4808842173 13459.4808842173 13459.4808842173 13459.4808842173
14725.8442023626 14725.8442023626 14725.8442023626 14725.8442023626
14535.6234218731 14535.6234218731 14535.6234218731 14535.6234218731
14303.4237344069 14303.4237344069 14303.4237344069 14303.4237344069
13952.6799676941 13952.6799676941 13952.6799676941 13952.6799676941
13838.5788784248 13838.5788784248 13838.5788784248 13838.5788784248
14413.2177696167 14413.2177696167 14413.2177696167 14413.2177696167
14263.5447405412 14263.5447405412 14263.5447405412 14263.5447405412
14482.5207315727 14482.5207315727 14482.5207315727 14482.5207315727
13652.3664643824 13652.3664643824 13652.3664643824 13652.3664643824
14068.3016153602 14068.3016153602 14068.3016153602 14068.3016153602
14432.7582581886 14432.7582581886 14432.7582581886 14432.7582581886
14019.1662630578 14019.1662630578 14019.1662630578 14019.1662630578
14507.2973311298 14507.2973311298 14507.2973311298 14507.2973311298
14530.7875443764 14530.7875443764 14530.7875443764 14530.7875443764
14727.5308577993 14727.5308577993 14727.5308577993 14727.5308577993
15119.4357827348 15119.4357827348 15119.4357827348 15119.4357827348
15233.8911103856 15233.8911103856 15233.8911103856 15233.8911103856
15526.2766160255 15526.2766160255 15526.2766160255 15526.2766160255
15781.84716413 15781.84716413 15781.84716413 15781.84716413
16151.306200963 16151.306200963 16151.306200963 16151.306200963
16795.0095979343 16795.0095979343 16795.0095979343 16795.0095979343
16754.4342477988 16754.4342477988 16754.4342477988 16754.4342477988
17286.0837260888 17286.0837260888 17286.0837260888 17286.0837260888
17153.7767790486 17153.7767790486 17153.7767790486 17153.7767790486
16760.9639577899 16760.9639577899 16760.9639577899 16760.9639577899
16820.3372933584 16820.3372933584 16820.3372933584 16820.3372933584
17264.0473095847 17264.0473095847 17264.0473095847 17264.0473095847
16409.788677962 16409.788677962 16409.788677962 16409.788677962
15917.765980991 15917.765980991 15917.765980991 15917.765980991
15454.5087255651 15454.5087255651 15454.5087255651 15454.5087255651
14976.9312499405 14976.9312499405 14976.9312499405 14976.9312499405
14924.4334395679 14924.4334395679 14924.4334395679 14924.4334395679
15845.9639405333 15845.9639405333 15845.9639405333 15845.9639405333
16492.9142076743 16492.9142076743 16492.9142076743 16492.9142076743
15782.4934221146 15782.4934221146 15782.4934221146 15782.4934221146
15997.6072574137 15997.6072574137 15997.6072574137 15997.6072574137
15956.9993456306 15956.9993456306 15956.9993456306 15956.9993456306
16210.2839555398 16210.2839555398 16210.2839555398 16210.2839555398
16335.2018544292 16335.2018544292 16335.2018544292 16335.2018544292
15571.2358384528 15571.2358384528 15571.2358384528 15571.2358384528
16348.0564755074 16348.0564755074 16348.0564755074 16348.0564755074
15565.7689644871 15565.7689644871 15565.7689644871 15565.7689644871
15057.1263882717 15057.1263882717 15057.1263882717 15057.1263882717
14869.5603670933 14869.5603670933 14869.5603670933 14869.5603670933
15796.3657348013 15796.3657348013 15796.3657348013 15796.3657348013
14187.9587457274 14187.9587457274 14187.9587457274 14187.9587457274
13396.4066624135 13396.4066624135 13396.4066624135 13396.4066624135
14992.5762013747 14992.5762013747 14992.5762013747 14992.5762013747
15746.3089792314 15746.3089792314 15746.3089792314 15746.3089792314
15573.5558974969 15573.5558974969 15573.5558974969 15573.5558974969
16603.8598939492 16603.8598939492 16603.8598939492 16603.8598939492
16161.8573311493 16161.8573311493 16161.8573311493 16161.8573311493
16346.2419800685 16346.2419800685 16346.2419800685 16346.2419800685
16758.1671412734 16758.1671412734 16758.1671412734 16758.1671412734
16637.5389238986 16637.5389238986 16637.5389238986 16637.5389238986
16697.3165375402 16697.3165375402 16697.3165375402 16697.3165375402
17210.5209923848 17210.5209923848 17210.5209923848 17210.5209923848
16271.4500899686 16271.4500899686 16271.4500899686 16271.4500899686
16020.0038530066 16020.0038530066 16020.0038530066 16020.0038530066
16829.1694944116 16829.1694944116 16829.1694944116 16829.1694944116
15466.0621289449 15466.0621289449 15466.0621289449 15466.0621289449
15107.0358175178 15107.0358175178 15107.0358175178 15107.0358175178
15535.575272852 15535.575272852 15535.575272852 15535.575272852
15539.0753525903 15539.0753525903 15539.0753525903 15539.0753525903
14971.0327071423 14971.0327071423 14971.0327071423 14971.0327071423
14776.3909791678 14776.3909791678 14776.3909791678 14776.3909791678
16609.0100670026 16609.0100670026 16609.0100670026 16609.0100670026
17053.2876972598 17053.2876972598 17053.2876972598 17053.2876972598
17315.0622286267 17315.0622286267 17315.0622286267 17315.0622286267
16757.9991896467 16757.9991896467 16757.9991896467 16757.9991896467
14784.3497758951 14784.3497758951 14784.3497758951 14784.3497758951
15751.9624102149 15751.9624102149 15751.9624102149 15751.9624102149
15905.7087337257 15905.7087337257 15905.7087337257 15905.7087337257
16095.8812862393 16095.8812862393 16095.8812862393 16095.8812862393
16676.2084514574 16676.2084514574 16676.2084514574 16676.2084514574
15235.0550764595 15235.0550764595 15235.0550764595 15235.0550764595
15270.6483089287 15270.6483089287 15270.6483089287 15270.6483089287
16092.6562782407 16092.6562782407 16092.6562782407 16092.6562782407
16722.2209724875 16722.2209724875 16722.2209724875 16722.2209724875
17202.5796502527 17202.5796502527 17202.5796502527 17202.5796502527
17223.1174265716 17223.1174265716 17223.1174265716 17223.1174265716
16117.6728016618 16117.6728016618 16117.6728016618 16117.6728016618
16283.7248820873 16283.7248820873 16283.7248820873 16283.7248820873
16749.0250182945 16749.0250182945 16749.0250182945 16749.0250182945
17433.0059414908 17433.0059414908 17433.0059414908 17433.0059414908
16188.151458547 16188.151458547 16188.151458547 16188.151458547
16138.2677724256 16138.2677724256 16138.2677724256 16138.2677724256
16904.6222031527 16904.6222031527 16904.6222031527 16904.6222031527
16165.2743863734 16165.2743863734 16165.2743863734 16165.2743863734
17255.0550960523 17255.0550960523 17255.0550960523 17255.0550960523
17083.0904143839 17083.0904143839 17083.0904143839 17083.0904143839
17151.471995409 17151.471995409 17151.471995409 17151.471995409
15253.2424741047 15253.2424741047 15253.2424741047 15253.2424741047
14982.5894997384 14982.5894997384 14982.5894997384 14982.5894997384
16143.6208243993 16143.6208243993 16143.6208243993 16143.6208243993
15755.4934358624 15755.4934358624 15755.4934358624 15755.4934358624
15950.8694751242 15950.8694751242 15950.8694751242 15950.8694751242
15429.2687472225 15429.2687472225 15429.2687472225 15429.2687472225
15111.9913826671 15111.9913826671 15111.9913826671 15111.9913826671
15489.7107834281 15489.7107834281 15489.7107834281 15489.7107834281
15167.7861517201 15167.7861517201 15167.7861517201 15167.7861517201
15746.691500895 15746.691500895 15746.691500895 15746.691500895
15791.7219859812 15791.7219859812 15791.7219859812 15791.7219859812
13926.84882236 13926.84882236 13926.84882236 13926.84882236
13037.5957811361 13037.5957811361 13037.5957811361 13037.5957811361
12057.7979911842 12057.7979911842 12057.7979911842 12057.7979911842
11964.0260763584 11964.0260763584 11964.0260763584 11964.0260763584
11786.5794467228 11786.5794467228 11786.5794467228 11786.5794467228
11846.8438024504 11846.8438024504 11846.8438024504 11846.8438024504
12327.4394984412 12327.4394984412 12327.4394984412 12327.4394984412
12170.9218306095 12170.9218306095 12170.9218306095 12170.9218306095
11273.4415798877 11273.4415798877 11273.4415798877 11273.4415798877
11176.7988812269 11176.7988812269 11176.7988812269 11176.7988812269
10996.1555185577 10996.1555185577 10996.1555185577 10996.1555185577
10740.4704697512 10740.4704697512 10740.4704697512 10740.4704697512
11241.6498807884 11241.6498807884 11241.6498807884 11241.6498807884
12176.1009396978 12176.1009396978 12176.1009396978 12176.1009396978
12019.011843249 12019.011843249 12019.011843249 12019.011843249
11300.3998137927 11300.3998137927 11300.3998137927 11300.3998137927
11727.1540680096 11727.1540680096 11727.1540680096 11727.1540680096
12173.6121407228 12173.6121407228 12173.6121407228 12173.6121407228
12678.0999727142 12678.0999727142 12678.0999727142 12678.0999727142
13556.3131248418 13556.3131248418 13556.3131248418 13556.3131248418
13937.919500464 13937.919500464 13937.919500464 13937.919500464
13361.1218175965 13361.1218175965 13361.1218175965 13361.1218175965
13086.4851720874 13086.4851720874 13086.4851720874 13086.4851720874
14156.0945517733 14156.0945517733 14156.0945517733 14156.0945517733
14710.0125445862 14710.0125445862 14710.0125445862 14710.0125445862
16560.3823820592 16560.3823820592 16560.3823820592 16560.3823820592
16099.3191598136 16099.3191598136 16099.3191598136 16099.3191598136
16562.3633437961 16562.3633437961 16562.3633437961 16562.3633437961
15790.6952167781 15790.6952167781 15790.6952167781 15790.6952167781
15649.6471733396 15649.6471733396 15649.6471733396 15649.6471733396
16610.103812911 16610.103812911 16610.103812911 16610.103812911
16484.5616236408 16484.5616236408 16484.5616236408 16484.5616236408
16324.0489641401 16324.0489641401 16324.0489641401 16324.0489641401
14842.2854302067 14842.2854302067 14842.2854302067 14842.2854302067
14932.6156687535 14932.6156687535 14932.6156687535 14932.6156687535
15216.7673387031 15216.7673387031 15216.7673387031 15216.7673387031
15970.3725181503 15970.3725181503 15970.3725181503 15970.3725181503
15078.925875542 15078.925875542 15078.925875542 15078.925875542
15276.5320848907 15276.5320848907 15276.5320848907 15276.5320848907
13950.6717245335 13950.6717245335 13950.6717245335 13950.6717245335
13550.8074088531 13550.8074088531 13550.8074088531 13550.8074088531
14250.0167488682 14250.0167488682 14250.0167488682 14250.0167488682
13849.3116072706 13849.3116072706 13849.3116072706 13849.3116072706
13716.6573679678 13716.6573679678 13716.6573679678 13716.6573679678
13769.0518219101 13769.0518219101 13769.0518219101 13769.0518219101
12753.6342685724 12753.6342685724 12753.6342685724 12753.6342685724
12949.8436285956 12949.8436285956 12949.8436285956 12949.8436285956
12949.4592885823 12949.4592885823 12949.4592885823 12949.4592885823
12961.386145545 12961.386145545 12961.386145545 12961.386145545
14315.6104804095 14315.6104804095 14315.6104804095 14315.6104804095
14494.5321126225 14494.5321126225 14494.5321126225 14494.5321126225
14534.3987611 14534.3987611 14534.3987611 14534.3987611
15003.9571013434 15003.9571013434 15003.9571013434 15003.9571013434
15207.5732696014 15207.5732696014 15207.5732696014 15207.5732696014
15216.7327484227 15216.7327484227 15216.7327484227 15216.7327484227
15246.2801913558 15246.2801913558 15246.2801913558 15246.2801913558
15407.4693439721 15407.4693439721 15407.4693439721 15407.4693439721
14537.802716371 14537.802716371 14537.802716371 14537.802716371
14495.8122198815 14495.8122198815 14495.8122198815 14495.8122198815
14424.7239374846 14424.7239374846 14424.7239374846 14424.7239374846
14324.2012977391 14324.2012977391 14324.2012977391 14324.2012977391
14475.8321904506 14475.8321904506 14475.8321904506 14475.8321904506
14017.3554620859 14017.3554620859 14017.3554620859 14017.3554620859
14403.3813486952 14403.3813486952 14403.3813486952 14403.3813486952
14691.3779427338 14691.3779427338 14691.3779427338 14691.3779427338
14494.3468096576 14494.3468096576 14494.3468096576 14494.3468096576
15425.5846696744 15425.5846696744 15425.5846696744 15425.5846696744
15658.3345424214 15658.3345424214 15658.3345424214 15658.3345424214
15253.818459873 15253.818459873 15253.818459873 15253.818459873
13694.3699737468 13694.3699737468 13694.3699737468 13694.3699737468
14779.3875077223 14779.3875077223 14779.3875077223 14779.3875077223
14886.9650962043 14886.9650962043 14886.9650962043 14886.9650962043
14839.8480544609 14839.8480544609 14839.8480544609 14839.8480544609
15764.5512172132 15764.5512172132 15764.5512172132 15764.5512172132
16792.1039275102 16792.1039275102 16792.1039275102 16792.1039275102
17587.4578743795 17587.4578743795 17587.4578743795 17587.4578743795
17942.3583188393 17942.3583188393 17942.3583188393 17942.3583188393
18506.0007962812 18506.0007962812 18506.0007962812 18506.0007962812
17813.653535977 17813.653535977 17813.653535977 17813.653535977
18203.6967946575 18203.6967946575 18203.6967946575 18203.6967946575
18558.7488644096 18558.7488644096 18558.7488644096 18558.7488644096
17361.1764067789 17361.1764067789 17361.1764067789 17361.1764067789
16905.7411284514 16905.7411284514 16905.7411284514 16905.7411284514
16891.0014000807 16891.0014000807 16891.0014000807 16891.0014000807
17033.9653892659 17033.9653892659 17033.9653892659 17033.9653892659
17781.4041199511 17781.4041199511 17781.4041199511 17781.4041199511
18635.7545145318 18635.7545145318 18635.7545145318 18635.7545145318
18720.9519646636 18720.9519646636 18720.9519646636 18720.9519646636
19518.3162799444 19518.3162799444 19518.3162799444 19518.3162799444
18508.8074247232 18508.8074247232 18508.8074247232 18508.8074247232
18304.9551457848 18304.9551457848 18304.9551457848 18304.9551457848
18399.6851606427 18399.6851606427 18399.6851606427 18399.6851606427
18493.5495535184 18493.5495535184 18493.5495535184 18493.5495535184
17599.809684031 17599.809684031 17599.809684031 17599.809684031
18311.0956027227 18311.0956027227 18311.0956027227 18311.0956027227
18968.1343215469 18968.1343215469 18968.1343215469 18968.1343215469
20123.4146462648 20123.4146462648 20123.4146462648 20123.4146462648
21353.5437557815 21353.5437557815 21353.5437557815 21353.5437557815
21640.8663522086 21640.8663522086 21640.8663522086 21640.8663522086
20716.0838000945 20716.0838000945 20716.0838000945 20716.0838000945
20438.4615152203 20438.4615152203 20438.4615152203 20438.4615152203
21571.0318710855 21571.0318710855 21571.0318710855 21571.0318710855
22823.8252732433 22823.8252732433 22823.8252732433 22823.8252732433
22764.0649585354 22764.0649585354 22764.0649585354 22764.0649585354
24573.7459603366 24573.7459603366 24573.7459603366 24573.7459603366
24960.5665978426 24960.5665978426 24960.5665978426 24960.5665978426
25064.5293743958 25064.5293743958 25064.5293743958 25064.5293743958
26079.0739089723 26079.0739089723 26079.0739089723 26079.0739089723
25622.5352122911 25622.5352122911 25622.5352122911 25622.5352122911
26296.2892009061 26296.2892009061 26296.2892009061 26296.2892009061
26591.8686291731 26591.8686291731 26591.8686291731 26591.8686291731
26489.9015289135 26489.9015289135 26489.9015289135 26489.9015289135
25774.2932337695 25774.2932337695 25774.2932337695 25774.2932337695
25751.345689728 25751.345689728 25751.345689728 25751.345689728
26335.5146677597 26335.5146677597 26335.5146677597 26335.5146677597
27208.6748486168 27208.6748486168 27208.6748486168 27208.6748486168
27618.1756116416 27618.1756116416 27618.1756116416 27618.1756116416
28271.8644494022 28271.8644494022 28271.8644494022 28271.8644494022
28821.0335548832 28821.0335548832 28821.0335548832 28821.0335548832
29404.3502264965 29404.3502264965 29404.3502264965 29404.3502264965
28992.8190159024 28992.8190159024 28992.8190159024 28992.8190159024
30029.8409132662 30029.8409132662 30029.8409132662 30029.8409132662
29466.217091477 29466.217091477 29466.217091477 29466.217091477
29114.6123548482 29114.6123548482 29114.6123548482 29114.6123548482
29983.2677773322 29983.2677773322 29983.2677773322 29983.2677773322
30063.2490041402 30063.2490041402 30063.2490041402 30063.2490041402
29657.7152663818 29657.7152663818 29657.7152663818 29657.7152663818
30011.4441043065 30011.4441043065 30011.4441043065 30011.4441043065
30049.2385246154 30049.2385246154 30049.2385246154 30049.2385246154
30738.9547627175 30738.9547627175 30738.9547627175 30738.9547627175
31797.5319363983 31797.5319363983 31797.5319363983 31797.5319363983
31928.3546987875 31928.3546987875 31928.3546987875 31928.3546987875
31902.9234969751 31902.9234969751 31902.9234969751 31902.9234969751
32229.9323321442 32229.9323321442 32229.9323321442 32229.9323321442
31461.251969782 31461.251969782 31461.251969782 31461.251969782
31451.3781611309 31451.3781611309 31451.3781611309 31451.3781611309
31990.7636255211 31990.7636255211 31990.7636255211 31990.7636255211
32176.3367782492 32176.3367782492 32176.3367782492 32176.3367782492
32262.4157266592 32262.4157266592 32262.4157266592 32262.4157266592
31846.9776038322 31846.9776038322 31846.9776038322 31846.9776038322
30878.1668416304 30878.1668416304 30878.1668416304 30878.1668416304
31204.1912064187 31204.1912064187 31204.1912064187 31204.1912064187
30534.8066454058 30534.8066454058 30534.8066454058 30534.8066454058
30858.0749877157 30858.0749877157 30858.0749877157 30858.0749877157
31277.5610623588 31277.5610623588 31277.5610623588 31277.5610623588
31918.5941213075 31918.5941213075 31918.5941213075 31918.5941213075
31337.7557290798 31337.7557290798 31337.7557290798 31337.7557290798
32197.0931147129 32197.0931147129 32197.0931147129 32197.0931147129
31887.6411069906 31887.6411069906 31887.6411069906 31887.6411069906
32140.2912357274 32140.2912357274 32140.2912357274 32140.2912357274
32576.2080657752 32576.2080657752 32576.2080657752 32576.2080657752
31929.5003866384 31929.5003866384 31929.5003866384 31929.5003866384
31587.295619179 31587.295619179 31587.295619179 31587.295619179
32214.4710198078 32214.4710198078 32214.4710198078 32214.4710198078
31718.7485256689 31718.7485256689 31718.7485256689 31718.7485256689
30877.4850597282 30877.4850597282 30877.4850597282 30877.4850597282
31922.0754610485 31922.0754610485 31922.0754610485 31922.0754610485
32715.8763479045 32715.8763479045 32715.8763479045 32715.8763479045
32196.3054123348 32196.3054123348 32196.3054123348 32196.3054123348
32284.1031888003 32284.1031888003 32284.1031888003 32284.1031888003
32710.7123698517 32710.7123698517 32710.7123698517 32710.7123698517
32242.9274307902 32242.9274307902 32242.9274307902 32242.9274307902
31699.6238456908 31699.6238456908 31699.6238456908 31699.6238456908
29794.8650384882 29794.8650384882 29794.8650384882 29794.8650384882
29996.9363669355 29996.9363669355 29996.9363669355 29996.9363669355
29723.2789360405 29723.2789360405 29723.2789360405 29723.2789360405
28943.6669347662 28943.6669347662 28943.6669347662 28943.6669347662
28036.4329315325 28036.4329315325 28036.4329315325 28036.4329315325
27252.3538827177 27252.3538827177 27252.3538827177 27252.3538827177
27120.5986079456 27120.5986079456 27120.5986079456 27120.5986079456
27567.0142584622 27567.0142584622 27567.0142584622 27567.0142584622
28064.7663163781 28064.7663163781 28064.7663163781 28064.7663163781
28338.9984399317 28338.9984399317 28338.9984399317 28338.9984399317
28963.9636309057 28963.9636309057 28963.9636309057 28963.9636309057
29250.9794403595 29250.9794403595 29250.9794403595 29250.9794403595
28695.2183319035 28695.2183319035 28695.2183319035 28695.2183319035
29706.9008320827 29706.9008320827 29706.9008320827 29706.9008320827
31253.5579215632 31253.5579215632 31253.5579215632 31253.5579215632
31546.5594134299 31546.5594134299 31546.5594134299 31546.5594134299
31262.0084512308 31262.0084512308 31262.0084512308 31262.0084512308
31354.6811844666 31354.6811844666 31354.6811844666 31354.6811844666
31329.2282108604 31329.2282108604 31329.2282108604 31329.2282108604
31018.5441258857 31018.5441258857 31018.5441258857 31018.5441258857
30704.3136477084 30704.3136477084 30704.3136477084 30704.3136477084
30921.8779357216 30921.8779357216 30921.8779357216 30921.8779357216
30469.0344682458 30469.0344682458 30469.0344682458 30469.0344682458
31823.027699164 31823.027699164 31823.027699164 31823.027699164
32625.0008659372 32625.0008659372 32625.0008659372 32625.0008659372
34829.5549894631 34829.5549894631 34829.5549894631 34829.5549894631
34351.2064831471 34351.2064831471 34351.2064831471 34351.2064831471
35630.9194337548 35630.9194337548 35630.9194337548 35630.9194337548
36160.189317383 36160.189317383 36160.189317383 36160.189317383
36125.7629255597 36125.7629255597 36125.7629255597 36125.7629255597
36335.7650802351 36335.7650802351 36335.7650802351 36335.7650802351
35537.8660964758 35537.8660964758 35537.8660964758 35537.8660964758
35974.2341582733 35974.2341582733 35974.2341582733 35974.2341582733
36287.4600728835 36287.4600728835 36287.4600728835 36287.4600728835
35399.2097871131 35399.2097871131 35399.2097871131 35399.2097871131
35340.096090166 35340.096090166 35340.096090166 35340.096090166
35404.3164921047 35404.3164921047 35404.3164921047 35404.3164921047
36844.6723611581 36844.6723611581 36844.6723611581 36844.6723611581
36483.9591632319 36483.9591632319 36483.9591632319 36483.9591632319
36563.5624767913 36563.5624767913 36563.5624767913 36563.5624767913
35978.8839260475 35978.8839260475 35978.8839260475 35978.8839260475
34961.9677691755 34961.9677691755 34961.9677691755 34961.9677691755
34531.9219134285 34531.9219134285 34531.9219134285 34531.9219134285
35688.4585232914 35688.4585232914 35688.4585232914 35688.4585232914
34926.4536485473 34926.4536485473 34926.4536485473 34926.4536485473
35820.8860731782 35820.8860731782 35820.8860731782 35820.8860731782
36401.4372253528 36401.4372253528 36401.4372253528 36401.4372253528
36391.2682309754 36391.2682309754 36391.2682309754 36391.2682309754
35974.3283536469 35974.3283536469 35974.3283536469 35974.3283536469
36181.394437723 36181.394437723 36181.394437723 36181.394437723
34988.1141490631 34988.1141490631 34988.1141490631 34988.1141490631
35393.3723357204 35393.3723357204 35393.3723357204 35393.3723357204
35104.6992738489 35104.6992738489 35104.6992738489 35104.6992738489
34149.9356941556 34149.9356941556 34149.9356941556 34149.9356941556
34415.7181994604 34415.7181994604 34415.7181994604 34415.7181994604
34816.101169122 34816.101169122 34816.101169122 34816.101169122
35129.1965485823 35129.1965485823 35129.1965485823 35129.1965485823
34982.1022336073 34982.1022336073 34982.1022336073 34982.1022336073
35103.8112116818 35103.8112116818 35103.8112116818 35103.8112116818
35442.1288673564 35442.1288673564 35442.1288673564 35442.1288673564
36496.3716149324 36496.3716149324 36496.3716149324 36496.3716149324
36389.9499675794 36389.9499675794 36389.9499675794 36389.9499675794
35781.2832558123 35781.2832558123 35781.2832558123 35781.2832558123
34818.6129591446 34818.6129591446 34818.6129591446 34818.6129591446
34457.4513912702 34457.4513912702 34457.4513912702 34457.4513912702
34497.4077690429 34497.4077690429 34497.4077690429 34497.4077690429
34663.6909326735 34663.6909326735 34663.6909326735 34663.6909326735
34706.3444270219 34706.3444270219 34706.3444270219 34706.3444270219
35414.4432238857 35414.4432238857 35414.4432238857 35414.4432238857
35339.7594704212 35339.7594704212 35339.7594704212 35339.7594704212
35748.1916876848 35748.1916876848 35748.1916876848 35748.1916876848
36905.0070833736 36905.0070833736 36905.0070833736 36905.0070833736
36843.3021805526 36843.3021805526 36843.3021805526 36843.3021805526
37781.52485071 37781.52485071 37781.52485071 37781.52485071
38818.9751983577 38818.9751983577 38818.9751983577 38818.9751983577
39645.8343420362 39645.8343420362 39645.8343420362 39645.8343420362
39272.8306198605 39272.8306198605 39272.8306198605 39272.8306198605
39481.5087312736 39481.5087312736 39481.5087312736 39481.5087312736
39434.0782613077 39434.0782613077 39434.0782613077 39434.0782613077
39129.9339317839 39129.9339317839 39129.9339317839 39129.9339317839
40654.280896913 40654.280896913 40654.280896913 40654.280896913
41771.70625886 41771.70625886 41771.70625886 41771.70625886
42755.7109548197 42755.7109548197 42755.7109548197 42755.7109548197
42091.2598145002 42091.2598145002 42091.2598145002 42091.2598145002
42124.3719238201 42124.3719238201 42124.3719238201 42124.3719238201
41987.5113772994 41987.5113772994 41987.5113772994 41987.5113772994
40626.0047166599 40626.0047166599 40626.0047166599 40626.0047166599
40844.6222677399 40844.6222677399 40844.6222677399 40844.6222677399
40933.2234823974 40933.2234823974 40933.2234823974 40933.2234823974
40999.2458622617 40999.2458622617 40999.2458622617 40999.2458622617
40531.7699500449 40531.7699500449 40531.7699500449 40531.7699500449
41033.2872478946 41033.2872478946 41033.2872478946 41033.2872478946
40710.2261511607 40710.2261511607 40710.2261511607 40710.2261511607
40252.9113075681 40252.9113075681 40252.9113075681 40252.9113075681
40461.227682583 40461.227682583 40461.227682583 40461.227682583
40429.4232820069 40429.4232820069 40429.4232820069 40429.4232820069
40757.2390149244 40757.2390149244 40757.2390149244 40757.2390149244
40040.7242962146 40040.7242962146 40040.7242962146 40040.7242962146
39889.9072634285 39889.9072634285 39889.9072634285 39889.9072634285
40770.2502734853 40770.2502734853 40770.2502734853 40770.2502734853
40541.996702822 40541.996702822 40541.996702822 40541.996702822
40227.9577384768 40227.9577384768 40227.9577384768 40227.9577384768
41148.1715152501 41148.1715152501 41148.1715152501 41148.1715152501
41515.9104267091 41515.9104267091 41515.9104267091 41515.9104267091
40464.3690617801 40464.3690617801 40464.3690617801 40464.3690617801
41243.000788474 41243.000788474 41243.000788474 41243.000788474
40007.2331655444 40007.2331655444 40007.2331655444 40007.2331655444
39050.8760591788 39050.8760591788 39050.8760591788 39050.8760591788
40034.2751017095 40034.2751017095 40034.2751017095 40034.2751017095
38912.1341134511 38912.1341134511 38912.1341134511 38912.1341134511
39418.2449024841 39418.2449024841 39418.2449024841 39418.2449024841
40198.8066798835 40198.8066798835 40198.8066798835 40198.8066798835
40311.2975952869 40311.2975952869 40311.2975952869 40311.2975952869
40224.6296882897 40224.6296882897 40224.6296882897 40224.6296882897
40348.8643425139 40348.8643425139 40348.8643425139 40348.8643425139
39995.4928772759 39995.4928772759 39995.4928772759 39995.4928772759
40619.4208604521 40619.4208604521 40619.4208604521 40619.4208604521
40857.0994599543 40857.0994599543 40857.0994599543 40857.0994599543
40059.1678841222 40059.1678841222 40059.1678841222 40059.1678841222
39323.0257162518 39323.0257162518 39323.0257162518 39323.0257162518
38468.9882877133 38468.9882877133 38468.9882877133 38468.9882877133
38989.3084235047 38989.3084235047 38989.3084235047 38989.3084235047
37788.4687841797 37788.4687841797 37788.4687841797 37788.4687841797
38484.0049173333 38484.0049173333 38484.0049173333 38484.0049173333
37003.1301618334 37003.1301618334 37003.1301618334 37003.1301618334
36914.3900098704 36914.3900098704 36914.3900098704 36914.3900098704
36468.1666031831 36468.1666031831 36468.1666031831 36468.1666031831
36439.8919102365 36439.8919102365 36439.8919102365 36439.8919102365
36479.7764347187 36479.7764347187 36479.7764347187 36479.7764347187
36843.3402077905 36843.3402077905 36843.3402077905 36843.3402077905
36016.6579208785 36016.6579208785 36016.6579208785 36016.6579208785
36144.4441714174 36144.4441714174 36144.4441714174 36144.4441714174
35112.1712479144 35112.1712479144 35112.1712479144 35112.1712479144
35233.1800997044 35233.1800997044 35233.1800997044 35233.1800997044
35697.3080685399 35697.3080685399 35697.3080685399 35697.3080685399
36107.3866698616 36107.3866698616 36107.3866698616 36107.3866698616
36119.5522150212 36119.5522150212 36119.5522150212 36119.5522150212
36483.8433794107 36483.8433794107 36483.8433794107 36483.8433794107
36059.524538144 36059.524538144 36059.524538144 36059.524538144
35071.3361001492 35071.3361001492 35071.3361001492 35071.3361001492
34727.8564264622 34727.8564264622 34727.8564264622 34727.8564264622
35313.4949928462 35313.4949928462 35313.4949928462 35313.4949928462
34887.2956441662 34887.2956441662 34887.2956441662 34887.2956441662
33453.0077383759 33453.0077383759 33453.0077383759 33453.0077383759
33929.900036364 33929.900036364 33929.900036364 33929.900036364
33131.0946458834 33131.0946458834 33131.0946458834 33131.0946458834
32008.0297060148 32008.0297060148 32008.0297060148 32008.0297060148
31981.818467719 31981.818467719 31981.818467719 31981.818467719
32014.3233245981 32014.3233245981 32014.3233245981 32014.3233245981
32459.1835943394 32459.1835943394 32459.1835943394 32459.1835943394
31818.6488334315 31818.6488334315 31818.6488334315 31818.6488334315
31086.3109146586 31086.3109146586 31086.3109146586 31086.3109146586
31025.9133415982 31025.9133415982 31025.9133415982 31025.9133415982
32072.8551572541 32072.8551572541 32072.8551572541 32072.8551572541
32293.2632974299 32293.2632974299 32293.2632974299 32293.2632974299
31870.5216222426 31870.5216222426 31870.5216222426 31870.5216222426
31519.2658639464 31519.2658639464 31519.2658639464 31519.2658639464
31119.8863395635 31119.8863395635 31119.8863395635 31119.8863395635
30530.1093616813 30530.1093616813 30530.1093616813 30530.1093616813
30388.0811727716 30388.0811727716 30388.0811727716 30388.0811727716
29962.0330182346 29962.0330182346 29962.0330182346 29962.0330182346
30408.6657132904 30408.6657132904 30408.6657132904 30408.6657132904
31163.8018176143 31163.8018176143 31163.8018176143 31163.8018176143
32141.2452173581 32141.2452173581 32141.2452173581 32141.2452173581
31558.640039811 31558.640039811 31558.640039811 31558.640039811
31553.3054836074 31553.3054836074 31553.3054836074 31553.3054836074
30960.7999685753 30960.7999685753 30960.7999685753 30960.7999685753
30769.7077561617 30769.7077561617 30769.7077561617 30769.7077561617
31894.2119830994 31894.2119830994 31894.2119830994 31894.2119830994
32321.6924184913 32321.6924184913 32321.6924184913 32321.6924184913
32838.4848678229 32838.4848678229 32838.4848678229 32838.4848678229
31988.2563903386 31988.2563903386 31988.2563903386 31988.2563903386
32169.1871213054 32169.1871213054 32169.1871213054 32169.1871213054
32222.7569405555 32222.7569405555 32222.7569405555 32222.7569405555
33597.1282310879 33597.1282310879 33597.1282310879 33597.1282310879
33652.6780685316 33652.6780685316 33652.6780685316 33652.6780685316
33221.6550732123 33221.6550732123 33221.6550732123 33221.6550732123
33294.6308034292 33294.6308034292 33294.6308034292 33294.6308034292
32666.3607561939 32666.3607561939 32666.3607561939 32666.3607561939
33505.9588099012 33505.9588099012 33505.9588099012 33505.9588099012
34120.2950160094 34120.2950160094 34120.2950160094 34120.2950160094
34713.4514261463 34713.4514261463 34713.4514261463 34713.4514261463
36234.4626591281 36234.4626591281 36234.4626591281 36234.4626591281
37932.9852279893 37932.9852279893 37932.9852279893 37932.9852279893
37316.6818295036 37316.6818295036 37316.6818295036 37316.6818295036
38258.3656001913 38258.3656001913 38258.3656001913 38258.3656001913
38682.7651488352 38682.7651488352 38682.7651488352 38682.7651488352
39493.2810701143 39493.2810701143 39493.2810701143 39493.2810701143
39149.0936035606 39149.0936035606 39149.0936035606 39149.0936035606
37619.681710633 37619.681710633 37619.681710633 37619.681710633
38159.4340373586 38159.4340373586 38159.4340373586 38159.4340373586
39129.6840124509 39129.6840124509 39129.6840124509 39129.6840124509
38205.532587784 38205.532587784 38205.532587784 38205.532587784
38495.0863779399 38495.0863779399 38495.0863779399 38495.0863779399
39167.6764774948 39167.6764774948 39167.6764774948 39167.6764774948
40750.7857869144 40750.7857869144 40750.7857869144 40750.7857869144
41412.5259901627 41412.5259901627 41412.5259901627 41412.5259901627
41448.9607185427 41448.9607185427 41448.9607185427 41448.9607185427
41077.8037684176 41077.8037684176 41077.8037684176 41077.8037684176
42082.617715888 42082.617715888 42082.617715888 42082.617715888
41970.2846385795 41970.2846385795 41970.2846385795 41970.2846385795
42418.1158549022 42418.1158549022 42418.1158549022 42418.1158549022
43051.2095182139 43051.2095182139 43051.2095182139 43051.2095182139
44246.6014556215 44246.6014556215 44246.6014556215 44246.6014556215
43655.7306949034 43655.7306949034 43655.7306949034 43655.7306949034
43711.0192189667 43711.0192189667 43711.0192189667 43711.0192189667
44399.0705772377 44399.0705772377 44399.0705772377 44399.0705772377
45134.403617243 45134.403617243 45134.403617243 45134.403617243
44728.7878245137 44728.7878245137 44728.7878245137 44728.7878245137
43911.1126582426 43911.1126582426 43911.1126582426 43911.1126582426
43930.1659164399 43930.1659164399 43930.1659164399 43930.1659164399
43698.0179950076 43698.0179950076 43698.0179950076 43698.0179950076
43552.4504239094 43552.4504239094 43552.4504239094 43552.4504239094
41778.5166969866 41778.5166969866 41778.5166969866 41778.5166969866
41432.6614591771 41432.6614591771 41432.6614591771 41432.6614591771
40847.6395483917 40847.6395483917 40847.6395483917 40847.6395483917
39518.8877379725 39518.8877379725 39518.8877379725 39518.8877379725
40461.0717379256 40461.0717379256 40461.0717379256 40461.0717379256
41256.07849493 41256.07849493 41256.07849493 41256.07849493
42353.1831191569 42353.1831191569 42353.1831191569 42353.1831191569
40904.3761320927 40904.3761320927 40904.3761320927 40904.3761320927
41001.8740895928 41001.8740895928 41001.8740895928 41001.8740895928
41444.3057190539 41444.3057190539 41444.3057190539 41444.3057190539
40725.7041348112 40725.7041348112 40725.7041348112 40725.7041348112
40649.7102119352 40649.7102119352 40649.7102119352 40649.7102119352
41487.7830799358 41487.7830799358 41487.7830799358 41487.7830799358
42594.8784557264 42594.8784557264 42594.8784557264 42594.8784557264
42424.2592521363 42424.2592521363 42424.2592521363 42424.2592521363
41182.7676933979 41182.7676933979 41182.7676933979 41182.7676933979
40801.9924945689 40801.9924945689 40801.9924945689 40801.9924945689
39587.4326574923 39587.4326574923 39587.4326574923 39587.4326574923
40154.8182120748 40154.8182120748 40154.8182120748 40154.8182120748
38462.936802557 38462.936802557 38462.936802557 38462.936802557
37876.5716380022 37876.5716380022 37876.5716380022 37876.5716380022
38256.7117339153 38256.7117339153 38256.7117339153 38256.7117339153
36939.5813294749 36939.5813294749 36939.5813294749 36939.5813294749
38056.2536367191 38056.2536367191 38056.2536367191 38056.2536367191
38946.8727130194 38946.8727130194 38946.8727130194 38946.8727130194
39141.8334364687 39141.8334364687 39141.8334364687 39141.8334364687
39903.6667905179 39903.6667905179 39903.6667905179 39903.6667905179
40534.3488690694 40534.3488690694 40534.3488690694 40534.3488690694
40775.3082686707 40775.3082686707 40775.3082686707 40775.3082686707
41138.7903797845 41138.7903797845 41138.7903797845 41138.7903797845
41009.5204905211 41009.5204905211 41009.5204905211 41009.5204905211
40415.5241037883 40415.5241037883 40415.5241037883 40415.5241037883
40680.7957438929 40680.7957438929 40680.7957438929 40680.7957438929
39944.029362703 39944.029362703 39944.029362703 39944.029362703
39954.4475178338 39954.4475178338 39954.4475178338 39954.4475178338
41472.7527919267 41472.7527919267 41472.7527919267 41472.7527919267
41115.6877636239 41115.6877636239 41115.6877636239 41115.6877636239
40878.7418989825 40878.7418989825 40878.7418989825 40878.7418989825
40937.2967057464 40937.2967057464 40937.2967057464 40937.2967057464
41772.8371002331 41772.8371002331 41772.8371002331 41772.8371002331
42314.462654434 42314.462654434 42314.462654434 42314.462654434
43117.236072596 43117.236072596 43117.236072596 43117.236072596
44040.926787527 44040.926787527 44040.926787527 44040.926787527
44113.0893434884 44113.0893434884 44113.0893434884 44113.0893434884
43942.4494692149 43942.4494692149 43942.4494692149 43942.4494692149
44506.9346913448 44506.9346913448 44506.9346913448 44506.9346913448
44958.4081230803 44958.4081230803 44958.4081230803 44958.4081230803
45656.5353991715 45656.5353991715 45656.5353991715 45656.5353991715
46392.0189640228 46392.0189640228 46392.0189640228 46392.0189640228
46221.7428267959 46221.7428267959 46221.7428267959 46221.7428267959
45971.2650946198 45971.2650946198 45971.2650946198 45971.2650946198
46375.8848424333 46375.8848424333 46375.8848424333 46375.8848424333
45453.8872601309 45453.8872601309 45453.8872601309 45453.8872601309
46229.6451740202 46229.6451740202 46229.6451740202 46229.6451740202
44931.5537050386 44931.5537050386 44931.5537050386 44931.5537050386
45042.6296776253 45042.6296776253 45042.6296776253 45042.6296776253
45776.8432838592 45776.8432838592 45776.8432838592 45776.8432838592
45741.7645428708 45741.7645428708 45741.7645428708 45741.7645428708
46255.1143672729 46255.1143672729 46255.1143672729 46255.1143672729
46400.1122441418 46400.1122441418 46400.1122441418 46400.1122441418
45749.577582047 45749.577582047 45749.577582047 45749.577582047
45312.0124090876 45312.0124090876 45312.0124090876 45312.0124090876
45195.3769876802 45195.3769876802 45195.3769876802 45195.3769876802
45142.7714489876 45142.7714489876 45142.7714489876 45142.7714489876
45684.0728933484 45684.0728933484 45684.0728933484 45684.0728933484
46050.3173063155 46050.3173063155 46050.3173063155 46050.3173063155
45279.9074684347 45279.9074684347 45279.9074684347 45279.9074684347
45230.8440352435 45230.8440352435 45230.8440352435 45230.8440352435
44294.4511934439 44294.4511934439 44294.4511934439 44294.4511934439
44900.1613046572 44900.1613046572 44900.1613046572 44900.1613046572
44399.9443624023 44399.9443624023 44399.9443624023 44399.9443624023
44681.3693963318 44681.3693963318 44681.3693963318 44681.3693963318
43225.8799184361 43225.8799184361 43225.8799184361 43225.8799184361
43402.9939503829 43402.9939503829 43402.9939503829 43402.9939503829
44329.7423633039 44329.7423633039 44329.7423633039 44329.7423633039
44174.0405373288 44174.0405373288 44174.0405373288 44174.0405373288
45793.34414581 45793.34414581 45793.34414581 45793.34414581
45054.7879297679 45054.7879297679 45054.7879297679 45054.7879297679
46219.508491803 46219.508491803 46219.508491803 46219.508491803
45924.1272000672 45924.1272000672 45924.1272000672 45924.1272000672
45015.9495385095 45015.9495385095 45015.9495385095 45015.9495385095
44138.3844305524 44138.3844305524 44138.3844305524 44138.3844305524
43688.106671195 43688.106671195 43688.106671195 43688.106671195
43419.3886722329 43419.3886722329 43419.3886722329 43419.3886722329
44045.1710881699 44045.1710881699 44045.1710881699 44045.1710881699
43066.4834135308 43066.4834135308 43066.4834135308 43066.4834135308
43137.7323902132 43137.7323902132 43137.7323902132 43137.7323902132
43964.9509874562 43964.9509874562 43964.9509874562 43964.9509874562
42543.61132742 42543.61132742 42543.61132742 42543.61132742
43127.6760860976 43127.6760860976 43127.6760860976 43127.6760860976
43022.1626746145 43022.1626746145 43022.1626746145 43022.1626746145
43242.1363758396 43242.1363758396 43242.1363758396 43242.1363758396
43841.0483160345 43841.0483160345 43841.0483160345 43841.0483160345
43547.7272625363 43547.7272625363 43547.7272625363 43547.7272625363
43800.6975198213 43800.6975198213 43800.6975198213 43800.6975198213
44437.6853511653 44437.6853511653 44437.6853511653 44437.6853511653
44847.2553552333 44847.2553552333 44847.2553552333 44847.2553552333
44669.9211167229 44669.9211167229 44669.9211167229 44669.9211167229
43529.1430548679 43529.1430548679 43529.1430548679 43529.1430548679
43848.2703644767 43848.2703644767 43848.2703644767 43848.2703644767
43488.5779932987 43488.5779932987 43488.5779932987 43488.5779932987
44000.77281626 44000.77281626 44000.77281626 44000.77281626
43368.3831457687 43368.3831457687 43368.3831457687 43368.3831457687
42200.2395945765 42200.2395945765 42200.2395945765 42200.2395945765
42067.1270986157 42067.1270986157 42067.1270986157 42067.1270986157
43821.8850866192 43821.8850866192 43821.8850866192 43821.8850866192
44519.1658023811 44519.1658023811 44519.1658023811 44519.1658023811
44896.2012034279 44896.2012034279 44896.2012034279 44896.2012034279
45380.292538729 45380.292538729 45380.292538729 45380.292538729
45647.9351933271 45647.9351933271 45647.9351933271 45647.9351933271
45758.4631451977 45758.4631451977 45758.4631451977 45758.4631451977
45799.1129085785 45799.1129085785 45799.1129085785 45799.1129085785
45854.2258857341 45854.2258857341 45854.2258857341 45854.2258857341
45504.4577346026 45504.4577346026 45504.4577346026 45504.4577346026
46174.8053995629 46174.8053995629 46174.8053995629 46174.8053995629
44971.0403665721 44971.0403665721 44971.0403665721 44971.0403665721
43941.3297090639 43941.3297090639 43941.3297090639 43941.3297090639
44831.098656101 44831.098656101 44831.098656101 44831.098656101
44671.2505477509 44671.2505477509 44671.2505477509 44671.2505477509
45593.0517434867 45593.0517434867 45593.0517434867 45593.0517434867
45928.9580394246 45928.9580394246 45928.9580394246 45928.9580394246
45395.8632437961 45395.8632437961 45395.8632437961 45395.8632437961
45242.1536315793 45242.1536315793 45242.1536315793 45242.1536315793
46158.5173179917 46158.5173179917 46158.5173179917 46158.5173179917
45452.1721566877 45452.1721566877 45452.1721566877 45452.1721566877
46084.2476758405 46084.2476758405 46084.2476758405 46084.2476758405
45971.7819236206 45971.7819236206 45971.7819236206 45971.7819236206
45207.0368354645 45207.0368354645 45207.0368354645 45207.0368354645
45209.6089945732 45209.6089945732 45209.6089945732 45209.6089945732
45853.6599121418 45853.6599121418 45853.6599121418 45853.6599121418
45557.8589309715 45557.8589309715 45557.8589309715 45557.8589309715
44634.5692012924 44634.5692012924 44634.5692012924 44634.5692012924
45036.6892397481 45036.6892397481 45036.6892397481 45036.6892397481
44809.3420032814 44809.3420032814 44809.3420032814 44809.3420032814
45428.1477105428 45428.1477105428 45428.1477105428 45428.1477105428
45366.7913594956 45366.7913594956 45366.7913594956 45366.7913594956
45714.5466914553 45714.5466914553 45714.5466914553 45714.5466914553
44857.9458522923 44857.9458522923 44857.9458522923 44857.9458522923
44455.236772439 44455.236772439 44455.236772439 44455.236772439
44369.7525581948 44369.7525581948 44369.7525581948 44369.7525581948
44713.4115165531 44713.4115165531 44713.4115165531 44713.4115165531
43922.1577487604 43922.1577487604 43922.1577487604 43922.1577487604
44844.1465959094 44844.1465959094 44844.1465959094 44844.1465959094
46193.7226004475 46193.7226004475 46193.7226004475 46193.7226004475
45932.2041326704 45932.2041326704 45932.2041326704 45932.2041326704
46001.6722859382 46001.6722859382 46001.6722859382 46001.6722859382
46387.1120364005 46387.1120364005 46387.1120364005 46387.1120364005
46114.2235462859 46114.2235462859 46114.2235462859 46114.2235462859
45767.289944015 45767.289944015 45767.289944015 45767.289944015
45798.3014468468 45798.3014468468 45798.3014468468 45798.3014468468
46239.0349529657 46239.0349529657 46239.0349529657 46239.0349529657
45990.7953513613 45990.7953513613 45990.7953513613 45990.7953513613
45691.0211170339 45691.0211170339 45691.0211170339 45691.0211170339
45691.6495120989 45691.6495120989 45691.6495120989 45691.6495120989
45312.2172966082 45312.2172966082 45312.2172966082 45312.2172966082
44545.926520479 44545.926520479 44545.926520479 44545.926520479
44200.2179921519 44200.2179921519 44200.2179921519 44200.2179921519
43099.2942486095 43099.2942486095 43099.2942486095 43099.2942486095
43055.1409857222 43055.1409857222 43055.1409857222 43055.1409857222
43411.4157565432 43411.4157565432 43411.4157565432 43411.4157565432
43290.3535189355 43290.3535189355 43290.3535189355 43290.3535189355
42763.597215793 42763.597215793 42763.597215793 42763.597215793
42881.8839823864 42881.8839823864 42881.8839823864 42881.8839823864
41611.8389734536 41611.8389734536 41611.8389734536 41611.8389734536
41768.642969609 41768.642969609 41768.642969609 41768.642969609
41121.220781725 41121.220781725 41121.220781725 41121.220781725
41782.9660516859 41782.9660516859 41782.9660516859 41782.9660516859
42250.1561114698 42250.1561114698 42250.1561114698 42250.1561114698
42458.9753386087 42458.9753386087 42458.9753386087 42458.9753386087
42663.9924992076 42663.9924992076 42663.9924992076 42663.9924992076
43058.1313192032 43058.1313192032 43058.1313192032 43058.1313192032
42311.9944490405 42311.9944490405 42311.9944490405 42311.9944490405
42765.6891232124 42765.6891232124 42765.6891232124 42765.6891232124
43571.8353631174 43571.8353631174 43571.8353631174 43571.8353631174
43616.597319852 43616.597319852 43616.597319852 43616.597319852
43039.0987473091 43039.0987473091 43039.0987473091 43039.0987473091
42933.3039379998 42933.3039379998 42933.3039379998 42933.3039379998
44901.7035049201 44901.7035049201 44901.7035049201 44901.7035049201
44115.8940048491 44115.8940048491 44115.8940048491 44115.8940048491
45581.5110548534 45581.5110548534 45581.5110548534 45581.5110548534
45512.9693570365 45512.9693570365 45512.9693570365 45512.9693570365
45944.6686475126 45944.6686475126 45944.6686475126 45944.6686475126
44980.5337425332 44980.5337425332 44980.5337425332 44980.5337425332
45882.6817348651 45882.6817348651 45882.6817348651 45882.6817348651
45930.9266383876 45930.9266383876 45930.9266383876 45930.9266383876
45555.0077111138 45555.0077111138 45555.0077111138 45555.0077111138
45647.4359668245 45647.4359668245 45647.4359668245 45647.4359668245
45871.6816759801 45871.6816759801 45871.6816759801 45871.6816759801
46396.919313121 46396.919313121 46396.919313121 46396.919313121
45038.789796149 45038.789796149 45038.789796149 45038.789796149
44546.7717852985 44546.7717852985 44546.7717852985 44546.7717852985
45332.4728420767 45332.4728420767 45332.4728420767 45332.4728420767
45615.4191870755 45615.4191870755 45615.4191870755 45615.4191870755
45116.925273697 45116.925273697 45116.925273697 45116.925273697
45857.2669147813 45857.2669147813 45857.2669147813 45857.2669147813
44968.2877104406 44968.2877104406 44968.2877104406 44968.2877104406
45512.4878123093 45512.4878123093 45512.4878123093 45512.4878123093
45573.287304064 45573.287304064 45573.287304064 45573.287304064
46354.0912516686 46354.0912516686 46354.0912516686 46354.0912516686
45702.3199130351 45702.3199130351 45702.3199130351 45702.3199130351
45604.5146556168 45604.5146556168 45604.5146556168 45604.5146556168
44885.3831902875 44885.3831902875 44885.3831902875 44885.3831902875
44464.021992849 44464.021992849 44464.021992849 44464.021992849
44228.702621682 44228.702621682 44228.702621682 44228.702621682
