5.92287144818214 5.92287144818214 5.92287144818214 5.92287144818214
5.43101394290589 5.43101394290589 5.43101394290589 5.43101394290589
4.95162132353157 4.95162132353157 4.95162132353157 4.95162132353157
4.49008206668939 4.49008206668939 4.49008206668939 4.49008206668939
3.8587140869753 3.8587140869753 3.8587140869753 3.8587140869753
3.39014590886307 3.39014590886307 3.39014590886307 3.39014590886307
3.11846671482151 3.11846671482151 3.11846671482151 3.11846671482151
2.4241730962073 2.4241730962073 2.4241730962073 2.4241730962073
2.250424039462 2.250424039462 2.250424039462 2.250424039462
1.38303717819038 1.38303717819038 1.38303717819038 1.38303717819038
1.1690070558231 1.1690070558231 1.1690070558231 1.1690070558231
0.629829948112312 0.629829948112312 0.629829948112312 0.629829948112312
0.601036837462215 0.601036837462215 0.601036837462215 0.601036837462215
0.565713504020718 0.565713504020718 0.565713504020718 0.565713504020718
0.598044188160541 0.598044188160541 0.598044188160541 0.598044188160541
0.64532242481576 0.64532242481576 0.64532242481576 0.64532242481576
0.601523871102306 0.601523871102306 0.601523871102306 0.601523871102306
0.569641612701714 0.569641612701714 0.569641612701714 0.569641612701714
0.570131292447816 0.570131292447816 0.570131292447816 0.570131292447816
0.53134173030647 0.53134173030647 0.53134173030647 0.53134173030647
0.603296605857264 0.603296605857264 0.603296605857264 0.603296605857264
0.494436227621005 0.494436227621005 0.494436227621005 0.494436227621005
0.534705902305619 0.534705902305619 0.534705902305619 0.534705902305619
0.525461941667915 0.525461941667915 0.525461941667915 0.525461941667915
0.539420505566087 0.539420505566087 0.539420505566087 0.539420505566087
0.464756725302222 0.464756725302222 0.464756725302222 0.464756725302222
0.448063175398301 0.448063175398301 0.448063175398301 0.448063175398301
0.480442779467364 0.480442779467364 0.480442779467364 0.480442779467364
0.486685535443288 0.486685535443288 0.486685535443288 0.486685535443288
0.485066654203024 0.485066654203024 0.485066654203024 0.485066654203024
0.504646916200237 0.504646916200237 0.504646916200237 0.504646916200237
0.491863254932394 0.491863254932394 0.491863254932394 0.491863254932394
0.481027330175257 0.481027330175257 0.481027330175257 0.481027330175257
0.504476670210449 0.504476670210449 0.504476670210449 0.504476670210449
0.507928257236572 0.507928257236572 0.507928257236572 0.507928257236572
0.480296696542121 0.480296696542121 0.480296696542121 0.480296696542121
0.495603638890686 0.495603638890686 0.495603638890686 0.495603638890686
0.501871521203714 0.501871521203714 0.501871521203714 0.501871521203714
0.51399018737708 0.51399018737708 0.51399018737708 0.51399018737708
0.549404846373171 0.549404846373171 0.549404846373171 0.549404846373171
0.496905756884373 0.496905756884373 0.496905756884373 0.496905756884373
0.495640245719766 0.495640245719766 0.495640245719766 0.495640245719766
0.490018986041485 0.490018986041485 0.490018986041485 0.490018986041485
0.556927014278457 0.556927014278457 0.556927014278457 0.556927014278457
0.480992731815918 0.480992731815918 0.480992731815918 0.480992731815918
0.487899973554747 0.487899973554747 0.487899973554747 0.487899973554747
0.418435729949293 0.418435729949293 0.418435729949293 0.418435729949293
0.458515890569735 0.458515890569735 0.458515890569735 0.458515890569735
0.455784404717214 0.455784404717214 0.455784404717214 0.455784404717214
0.459773431647459 0.459773431647459 0.459773431647459 0.459773431647459
0.464179857034448 0.464179857034448 0.464179857034448 0.464179857034448
0.415330308215201 0.415330308215201 0.415330308215201 0.415330308215201
0.456617319855875 0.456617319855875 0.456617319855875 0.456617319855875
0.416698185238732 0.416698185238732 0.416698185238732 0.416698185238732
0.430788119598599 0.430788119598599 0.430788119598599 0.430788119598599
0.382033656227003 0.382033656227003 0.382033656227003 0.382033656227003
0.440859220665991 0.440859220665991 0.440859220665991 0.440859220665991
0.411273608042099 0.411273608042099 0.411273608042099 0.411273608042099
0.409446725328527 0.409446725328527 0.409446725328527 0.409446725328527
0.407694323068385 0.407694323068385 0.407694323068385 0.407694323068385
0.362913995903043 0.362913995903043 0.362913995903043 0.362913995903043
0.387356599518399 0.387356599518399 0.387356599518399 0.387356599518399
0.434289133136379 0.434289133136379 0.434289133136379 0.434289133136379
0.431240015693331 0.431240015693331 0.431240015693331 0.431240015693331
0.450763973489736 0.450763973489736 0.450763973489736 0.450763973489736
0.426683344175775 0.426683344175775 0.426683344175775 0.426683344175775
0.422641934311826 0.422641934311826 0.422641934311826 0.422641934311826
0.444733650566215 0.444733650566215 0.444733650566215 0.444733650566215
0.447678151920762 0.447678151920762 0.447678151920762 0.447678151920762
0.416547200043833 0.416547200043833 0.416547200043833 0.416547200043833
0.417325257984079 0.417325257984079 0.417325257984079 0.417325257984079
0.368977579779558 0.368977579779558 0.368977579779558 0.368977579779558
0.390580723447215 0.390580723447215 0.390580723447215 0.390580723447215
0.39179911520209 0.39179911520209 0.39179911520209 0.39179911520209
0.386428479277407 0.386428479277407 0.386428479277407 0.386428479277407
0.395225048494758 0.395225048494758 0.395225048494758 0.395225048494758
0.432390144800484 0.432390144800484 0.432390144800484 0.432390144800484
0.429262394488259 0.429262394488259 0.429262394488259 0.429262394488259
0.389974372097353 0.389974372097353 0.389974372097353 0.389974372097353
0.432575890275585 0.432575890275585 0.432575890275585 0.432575890275585
0.402746644467097 0.402746644467097 0.402746644467097 0.402746644467097
0.361701461969612 0.361701461969612 0.361701461969612 0.361701461969612
0.332633773406477 0.332633773406477 0.332633773406477 0.332633773406477
0.372893190689417 0.372893190689417 0.372893190689417 0.372893190689417
0.396784944962845 0.396784944962845 0.396784944962845 0.396784944962845
0.434161759387249 0.434161759387249 0.434161759387249 0.434161759387249
0.401033350569473 0.401033350569473 0.401033350569473 0.401033350569473
0.370462399940864 0.370462399940864 0.370462399940864 0.370462399940864
0.355657037598067 0.355657037598067 0.355657037598067 0.355657037598067
0.425600246458281 0.425600246458281 0.425600246458281 0.425600246458281
0.372014275592991 0.372014275592991 0.372014275592991 0.372014275592991
0.393541469329904 0.393541469329904 0.393541469329904 0.393541469329904
0.352250035270968 0.352250035270968 0.352250035270968 0.352250035270968
0.355059786230225 0.355059786230225 0.355059786230225 0.355059786230225
0.365099521453236 0.365099521453236 0.365099521453236 0.365099521453236
0.36766243994388 0.36766243994388 0.36766243994388 0.36766243994388
0.407025342586374 0.407025342586374 0.407025342586374 0.407025342586374
0.405881224858097 0.405881224858097 0.405881224858097 0.405881224858097
0.304915249680437 0.304915249680437 0.304915249680437 0.304915249680437
0.317093569286676 0.317093569286676 0.317093569286676 0.317093569286676
0.3421384699081 0.3421384699081 0.3421384699081 0.3421384699081
0.3745492051418 0.3745492051418 0.3745492051418 0.3745492051418
0.40064329003152 0.40064329003152 0.40064329003152 0.40064329003152
0.347956205914117 0.347956205914117 0.347956205914117 0.347956205914117
0.344910488477152 0.344910488477152 0.344910488477152 0.344910488477152
0.371086188845126 0.371086188845126 0.371086188845126 0.371086188845126
0.368834113764081 0.368834113764081 0.368834113764081 0.368834113764081
0.360028694940641 0.360028694940641 0.360028694940641 0.360028694940641
0.437281715022641 0.437281715022641 0.437281715022641 0.437281715022641
0.32296818196677 0.32296818196677 0.32296818196677 0.32296818196677
0.380587536256054 0.380587536256054 0.380587536256054 0.380587536256054
0.375822760660538 0.375822760660538 0.375822760660538 0.375822760660538
0.367333715172124 0.367333715172124 0.367333715172124 0.367333715172124
0.33935864426056 0.33935864426056 0.33935864426056 0.33935864426056
0.324173610840488 0.324173610840488 0.324173610840488 0.324173610840488
0.363535001911691 0.363535001911691 0.363535001911691 0.363535001911691
0.329663365833542 0.329663365833542 0.329663365833542 0.329663365833542
0.340778541953209 0.340778541953209 0.340778541953209 0.340778541953209
0.356312893604735 0.356312893604735 0.356312893604735 0.356312893604735
0.356312893604735 0.356312893604735 0.356312893604735 0.356312893604735
0.358371114417013 0.358371114417013 0.358371114417013 0.358371114417013
0.327780529444504 0.327780529444504 0.327780529444504 0.327780529444504
0.320631774906183 0.320631774906183 0.320631774906183 0.320631774906183
0.34404988361621 0.34404988361621 0.34404988361621 0.34404988361621
0.350629727706081 0.350629727706081 0.350629727706081 0.350629727706081
0.381542957358265 0.381542957358265 0.381542957358265 0.381542957358265
0.364488964447049 0.364488964447049 0.364488964447049 0.364488964447049
0.37655572094161 0.37655572094161 0.37655572094161 0.37655572094161
0.37078212653812 0.37078212653812 0.37078212653812 0.37078212653812
0.357488984714713 0.357488984714713 0.357488984714713 0.357488984714713
0.316107604726778 0.316107604726778 0.316107604726778 0.316107604726778
0.33733117368928 0.33733117368928 0.33733117368928 0.33733117368928
0.359833822915564 0.359833822915564 0.359833822915564 0.359833822915564
0.362442071981538 0.362442071981538 0.362442071981538 0.362442071981538
0.358475690384399 0.358475690384399 0.358475690384399 0.358475690384399
0.377346966981813 0.377346966981813 0.377346966981813 0.377346966981813
0.313960808588781 0.313960808588781 0.313960808588781 0.313960808588781
0.295391518439152 0.295391518439152 0.295391518439152 0.295391518439152
0.352831129537992 0.352831129537992 0.352831129537992 0.352831129537992
0.39088392510962 0.39088392510962 0.39088392510962 0.39088392510962
0.316980272939621 0.316980272939621 0.316980272939621 0.316980272939621
0.329736105910103 0.329736105910103 0.329736105910103 0.329736105910103
0.33225289997938 0.33225289997938 0.33225289997938 0.33225289997938
0.363461298182367 0.363461298182367 0.363461298182367 0.363461298182367
0.383164073862505 0.383164073862505 0.383164073862505 0.383164073862505
0.312667196689444 0.312667196689444 0.312667196689444 0.312667196689444
0.316228180566972 0.316228180566972 0.316228180566972 0.316228180566972
0.281506540629172 0.281506540629172 0.281506540629172 0.281506540629172
0.293333432377283 0.293333432377283 0.293333432377283 0.293333432377283
0.347844498153821 0.347844498153821 0.347844498153821 0.347844498153821
0.2942389621782 0.2942389621782 0.2942389621782 0.2942389621782
0.265305685013933 0.265305685013933 0.265305685013933 0.265305685013933
0.303480455117496 0.303480455117496 0.303480455117496 0.303480455117496
0.29968926915183 0.29968926915183 0.29968926915183 0.29968926915183
0.318779186975344 0.318779186975344 0.318779186975344 0.318779186975344
0.357656965243899 0.357656965243899 0.357656965243899 0.357656965243899
0.312030717639655 0.312030717639655 0.312030717639655 0.312030717639655
0.30425260535002 0.30425260535002 0.30425260535002 0.30425260535002
0.30439961561465 0.30439961561465 0.30439961561465 0.30439961561465
0.268022904612747 0.268022904612747 0.268022904612747 0.268022904612747
0.353062440867159 0.353062440867159 0.353062440867159 0.353062440867159
0.286782513022569 0.286782513022569 0.286782513022569 0.286782513022569
0.314179110992564 0.314179110992564 0.314179110992564 0.314179110992564
0.300785516244564 0.300785516244564 0.300785516244564 0.300785516244564
0.32837386037388 0.32837386037388 0.32837386037388 0.32837386037388
0.340026400893396 0.340026400893396 0.340026400893396 0.340026400893396
0.291091454278281 0.291091454278281 0.291091454278281 0.291091454278281
0.333493225385064 0.333493225385064 0.333493225385064 0.333493225385064
0.357535535443115 0.357535535443115 0.357535535443115 0.357535535443115
0.485933274295881 0.485933274295881 0.485933274295881 0.485933274295881
0.520987453196209 0.520987453196209 0.520987453196209 0.520987453196209
0.664035189443799 0.664035189443799 0.664035189443799 0.664035189443799
0.557743902962628 0.557743902962628 0.557743902962628 0.557743902962628
0.650737401507909 0.650737401507909 0.650737401507909 0.650737401507909
0.6262773665737 0.6262773665737 0.6262773665737 0.6262773665737
0.662486871506237 0.662486871506237 0.662486871506237 0.662486871506237
0.612466707521262 0.612466707521262 0.612466707521262 0.612466707521262
0.527313015161301 0.527313015161301 0.527313015161301 0.527313015161301
0.59996414237946 0.59996414237946 0.59996414237946 0.59996414237946
0.648159768610299 0.648159768610299 0.648159768610299 0.648159768610299
0.848847503032162 0.848847503032162 0.848847503032162 0.848847503032162
0.547289738740148 0.547289738740148 0.547289738740148 0.547289738740148
0.6419629999527 0.6419629999527 0.6419629999527 0.6419629999527
0.516276647115937 0.516276647115937 0.516276647115937 0.516276647115937
0.326875732114903 0.326875732114903 0.326875732114903 0.326875732114903
0.449999384902205 0.449999384902205 0.449999384902205 0.449999384902205
0.398307046070072 0.398307046070072 0.398307046070072 0.398307046070072
0.598389636355138 0.598389636355138 0.598389636355138 0.598389636355138
0.640417311754482 0.640417311754482 0.640417311754482 0.640417311754482
0.928720772134392 0.928720772134392 0.928720772134392 0.928720772134392
0.715515508497228 0.715515508497228 0.715515508497228 0.715515508497228
0.932485081609837 0.932485081609837 0.932485081609837 0.932485081609837
0.711738530360676 0.711738530360676 0.711738530360676 0.711738530360676
0.577185148668737 0.577185148668737 0.577185148668737 0.577185148668737
1.01170736043585 1.01170736043585 1.01170736043585 1.01170736043585
0.840859489469711 0.840859489469711 0.840859489469711 0.840859489469711
0.73785580389855 0.73785580389855 0.73785580389855 0.73785580389855
0.63573981834011 0.63573981834011 0.63573981834011 0.63573981834011
0.600794157471114 0.600794157471114 0.600794157471114 0.600794157471114
0.581401124578942 0.581401124578942 0.581401124578942 0.581401124578942
1.04746939158624 1.04746939158624 1.04746939158624 1.04746939158624
0.816850792583676 0.816850792583676 0.816850792583676 0.816850792583676
0.737570990654095 0.737570990654095 0.737570990654095 0.737570990654095
0.927835310600029 0.927835310600029 0.927835310600029 0.927835310600029
0.598458681837175 0.598458681837175 0.598458681837175 0.598458681837175
0.556593141502466 0.556593141502466 0.556593141502466 0.556593141502466
0.698762474446287 0.698762474446287 0.698762474446287 0.698762474446287
0.701886135701208 0.701886135701208 0.701886135701208 0.701886135701208
0.784367396081635 0.784367396081635 0.784367396081635 0.784367396081635
1.12689214052683 1.12689214052683 1.12689214052683 1.12689214052683
1.13334363038999 1.13334363038999 1.13334363038999 1.13334363038999
1.23120254690197 1.23120254690197 1.23120254690197 1.23120254690197
1.05741886500678 1.05741886500678 1.05741886500678 1.05741886500678
1.23192782206471 1.23192782206471 1.23192782206471 1.23192782206471
0.991441723202999 0.991441723202999 0.991441723202999 0.991441723202999
1.16065593161946 1.16065593161946 1.16065593161946 1.16065593161946
1.22588337528509 1.22588337528509 1.22588337528509 1.22588337528509
1.33342959056892 1.33342959056892 1.33342959056892 1.33342959056892
1.17528204543578 1.17528204543578 1.17528204543578 1.17528204543578
1.14138779522755 1.14138779522755 1.14138779522755 1.14138779522755
1.24190829424536 1.24190829424536 1.24190829424536 1.24190829424536
1.06271098374757 1.06271098374757 1.06271098374757 1.06271098374757
0.88372722825776 0.88372722825776 0.88372722825776 0.88372722825776
0.959072615322816 0.959072615322816 0.959072615322816 0.959072615322816
1.1701541214821 1.1701541214821 1.1701541214821 1.1701541214821
0.791119356623145 0.791119356623145 0.791119356623145 0.791119356623145
0.913867138859782 0.913867138859782 0.913867138859782 0.913867138859782
0.775123339579202 0.775123339579202 0.775123339579202 0.775123339579202
0.723641633877774 0.723641633877774 0.723641633877774 0.723641633877774
0.708457340041166 0.708457340041166 0.708457340041166 0.708457340041166
0.85546942211554 0.85546942211554 0.85546942211554 0.85546942211554
0.87836183206419 0.87836183206419 0.87836183206419 0.87836183206419
0.80239206811045 0.80239206811045 0.80239206811045 0.80239206811045
1.06244148172778 1.06244148172778 1.06244148172778 1.06244148172778
0.878767816591481 0.878767816591481 0.878767816591481 0.878767816591481
1.14516890928296 1.14516890928296 1.14516890928296 1.14516890928296
1.04829205030968 1.04829205030968 1.04829205030968 1.04829205030968
0.84159051851491 0.84159051851491 0.84159051851491 0.84159051851491
0.743760484986553 0.743760484986553 0.743760484986553 0.743760484986553
0.850984758307838 0.850984758307838 0.850984758307838 0.850984758307838
0.746165846252233 0.746165846252233 0.746165846252233 0.746165846252233
0.831196186629471 0.831196186629471 0.831196186629471 0.831196186629471
0.740092152548378 0.740092152548378 0.740092152548378 0.740092152548378
0.984788382901413 0.984788382901413 0.984788382901413 0.984788382901413
0.97109171803531 0.97109171803531 0.97109171803531 0.97109171803531
1.15221062909751 1.15221062909751 1.15221062909751 1.15221062909751
1.74993268139752 1.74993268139752 1.74993268139752 1.74993268139752
1.38797511358652 1.38797511358652 1.38797511358652 1.38797511358652
1.30961939984391 1.30961939984391 1.30961939984391 1.30961939984391
1.2727225821779 1.2727225821779 1.2727225821779 1.2727225821779
1.45163151801654 1.45163151801654 1.45163151801654 1.45163151801654
1.07227768308615 1.07227768308615 1.07227768308615 1.07227768308615
0.917375261260151 0.917375261260151 0.917375261260151 0.917375261260151
1.15550915967756 1.15550915967756 1.15550915967756 1.15550915967756
1.13086242676728 1.13086242676728 1.13086242676728 1.13086242676728
1.11663019517764 1.11663019517764 1.11663019517764 1.11663019517764
1.28843781306147 1.28843781306147 1.28843781306147 1.28843781306147
1.21854231217275 1.21854231217275 1.21854231217275 1.21854231217275
1.42539603211798 1.42539603211798 1.42539603211798 1.42539603211798
1.1821727608158 1.1821727608158 1.1821727608158 1.1821727608158
0.938285130951834 0.938285130951834 0.938285130951834 0.938285130951834
1.00176217859949 1.00176217859949 1.00176217859949 1.00176217859949
1.46519261994509 1.46519261994509 1.46519261994509 1.46519261994509
1.10636183168005 1.10636183168005 1.10636183168005 1.10636183168005
1.00022482158719 1.00022482158719 1.00022482158719 1.00022482158719
0.786581852785136 0.786581852785136 0.786581852785136 0.786581852785136
0.938637259471164 0.938637259471164 0.938637259471164 0.938637259471164
1.21430820133625 1.21430820133625 1.21430820133625 1.21430820133625
1.19660854652739 1.19660854652739 1.19660854652739 1.19660854652739
0.800310508320045 0.800310508320045 0.800310508320045 0.800310508320045
0.848090121113842 0.848090121113842 0.848090121113842 0.848090121113842
0.665886959031722 0.665886959031722 0.665886959031722 0.665886959031722
0.757347557379121 0.757347557379121 0.757347557379121 0.757347557379121
0.643963587331425 0.643963587331425 0.643963587331425 0.643963587331425
0.645352792705028 0.645352792705028 0.645352792705028 0.645352792705028
0.735683991170791 0.735683991170791 0.735683991170791 0.735683991170791
0.75466272119171 0.75466272119171 0.75466272119171 0.75466272119171
0.872540683679531 0.872540683679531 0.872540683679531 0.872540683679531
0.777035764073366 0.777035764073366 0.777035764073366 0.777035764073366
0.65519920087147 0.65519920087147 0.65519920087147 0.65519920087147
0.816502541868124 0.816502541868124 0.816502541868124 0.816502541868124
0.620375794534455 0.620375794534455 0.620375794534455 0.620375794534455
0.619201915194806 0.619201915194806 0.619201915194806 0.619201915194806
0.970139864177422 0.970139864177422 0.970139864177422 0.970139864177422
0.94730443296761 0.94730443296761 0.94730443296761 0.94730443296761
0.872368490908071 0.872368490908071 0.872368490908071 0.872368490908071
0.814860365890884 0.814860365890884 0.814860365890884 0.814860365890884
0.848094523853759 0.848094523853759 0.848094523853759 0.848094523853759
0.965775317412875 0.965775317412875 0.965775317412875 0.965775317412875
1.01767620175221 1.01767620175221 1.01767620175221 1.01767620175221
1.04004764895458 1.04004764895458 1.04004764895458 1.04004764895458
1.01296671311232 1.01296671311232 1.01296671311232 1.01296671311232
0.854373099739759 0.854373099739759 0.854373099739759 0.854373099739759
0.578603778243659 0.578603778243659 0.578603778243659 0.578603778243659
0.769325681842436 0.769325681842436 0.769325681842436 0.769325681842436
1.0332569803722 1.0332569803722 1.0332569803722 1.0332569803722
1.12500564203898 1.12500564203898 1.12500564203898 1.12500564203898
0.99009163630501 0.99009163630501 0.99009163630501 0.99009163630501
1.10375538364831 1.10375538364831 1.10375538364831 1.10375538364831
1.25946989845999 1.25946989845999 1.25946989845999 1.25946989845999
1.27602738541245 1.27602738541245 1.27602738541245 1.27602738541245
0.932762332878405 0.932762332878405 0.932762332878405 0.932762332878405
1.07733657474143 1.07733657474143 1.07733657474143 1.07733657474143
0.949367773820805 0.949367773820805 0.949367773820805 0.949367773820805
1.27965984312948 1.27965984312948 1.27965984312948 1.27965984312948
0.746853856722123 0.746853856722123 0.746853856722123 0.746853856722123
0.897795371371544 0.897795371371544 0.897795371371544 0.897795371371544
0.896145459496412 0.896145459496412 0.896145459496412 0.896145459496412
1.07275576066418 1.07275576066418 1.07275576066418 1.07275576066418
1.26627169411185 1.26627169411185 1.26627169411185 1.26627169411185
1.14827560753449 1.14827560753449 1.14827560753449 1.14827560753449
1.16114964655775 1.16114964655775 1.16114964655775 1.16114964655775
1.45862413008145 1.45862413008145 1.45862413008145 1.45862413008145
1.18654831930407 1.18654831930407 1.18654831930407 1.18654831930407
1.32130559364951 1.32130559364951 1.32130559364951 1.32130559364951
1.00259615247252 1.00259615247252 1.00259615247252 1.00259615247252
1.14563048329429 1.14563048329429 1.14563048329429 1.14563048329429
1.12587101089709 1.12587101089709 1.12587101089709 1.12587101089709
0.815499346070402 0.815499346070402 0.815499346070402 0.815499346070402
0.909358979191593 0.909358979191593 0.909358979191593 0.909358979191593
0.816759398160361 0.816759398160361 0.816759398160361 0.816759398160361
0.948307085026583 0.948307085026583 0.948307085026583 0.948307085026583
0.959135939802247 0.959135939802247 0.959135939802247 0.959135939802247
1.14174015633794 1.14174015633794 1.14174015633794 1.14174015633794
1.56067572793002 1.56067572793002 1.56067572793002 1.56067572793002
1.35555273379073 1.35555273379073 1.35555273379073 1.35555273379073
1.19102601037626 1.19102601037626 1.19102601037626 1.19102601037626
1.15824383248861 1.15824383248861 1.15824383248861 1.15824383248861
0.985370285676866 0.985370285676866 0.985370285676866 0.985370285676866
1.03458884965692 1.03458884965692 1.03458884965692 1.03458884965692
0.90283230581294 0.90283230581294 0.90283230581294 0.90283230581294
1.01135534710318 1.01135534710318 1.01135534710318 1.01135534710318
0.790883799694932 0.790883799694932 0.790883799694932 0.790883799694932
1.11729309173167 1.11729309173167 1.11729309173167 1.11729309173167
1.26824869120302 1.26824869120302 1.26824869120302 1.26824869120302
1.31877570954067 1.31877570954067 1.31877570954067 1.31877570954067
1.23235694198292 1.23235694198292 1.23235694198292 1.23235694198292
1.11486920726861 1.11486920726861 1.11486920726861 1.11486920726861
1.09090058115313 1.09090058115313 1.09090058115313 1.09090058115313
1.19301445215487 1.19301445215487 1.19301445215487 1.19301445215487
1.07493459987057 1.07493459987057 1.07493459987057 1.07493459987057
1.19831174451831 1.19831174451831 1.19831174451831 1.19831174451831
0.617629867368404 0.617629867368404 0.617629867368404 0.617629867368404
0.651776879845605 0.651776879845605 0.651776879845605 0.651776879845605
0.84877720870065 0.84877720870065 0.84877720870065 0.84877720870065
0.717115065314816 0.717115065314816 0.717115065314816 0.717115065314816
0.766080908974497 0.766080908974497 0.766080908974497 0.766080908974497
0.714300203987862 0.714300203987862 0.714300203987862 0.714300203987862
0.755743875069058 0.755743875069058 0.755743875069058 0.755743875069058
0.809735065159672 0.809735065159672 0.809735065159672 0.809735065159672
1.14918411720321 1.14918411720321 1.14918411720321 1.14918411720321
0.958359401614092 0.958359401614092 0.958359401614092 0.958359401614092
1.38948502571174 1.38948502571174 1.38948502571174 1.38948502571174
1.34754716244437 1.34754716244437 1.34754716244437 1.34754716244437
1.52434480200751 1.52434480200751 1.52434480200751 1.52434480200751
1.27776465821876 1.27776465821876 1.27776465821876 1.27776465821876
0.838447198922421 0.838447198922421 0.838447198922421 0.838447198922421
0.802888501882077 0.802888501882077 0.802888501882077 0.802888501882077
0.836383382761424 0.836383382761424 0.836383382761424 0.836383382761424
0.805520867273591 0.805520867273591 0.805520867273591 0.805520867273591
0.852889663746055 0.852889663746055 0.852889663746055 0.852889663746055
0.838739848883281 0.838739848883281 0.838739848883281 0.838739848883281
0.750317528901545 0.750317528901545 0.750317528901545 0.750317528901545
0.896272259201264 0.896272259201264 0.896272259201264 0.896272259201264
1.05897824045327 1.05897824045327 1.05897824045327 1.05897824045327
1.00266952572243 1.00266952572243 1.00266952572243 1.00266952572243
1.05135545224673 1.05135545224673 1.05135545224673 1.05135545224673
0.949585729470625 0.949585729470625 0.949585729470625 0.949585729470625
1.00841255273511 1.00841255273511 1.00841255273511 1.00841255273511
1.01820728947231 1.01820728947231 1.01820728947231 1.01820728947231
0.73122789752229 0.73122789752229 0.73122789752229 0.73122789752229
0.860803135949565 0.860803135949565 0.860803135949565 0.860803135949565
0.84074896202459 0.84074896202459 0.84074896202459 0.84074896202459
1.03076936187032 1.03076936187032 1.03076936187032 1.03076936187032
0.848554821621505 0.848554821621505 0.848554821621505 0.848554821621505
0.727898756791784 0.727898756791784 0.727898756791784 0.727898756791784
0.781387309924534 0.781387309924534 0.781387309924534 0.781387309924534
0.852646189855328 0.852646189855328 0.852646189855328 0.852646189855328
0.890003799028636 0.890003799028636 0.890003799028636 0.890003799028636
0.568827033524205 0.568827033524205 0.568827033524205 0.568827033524205
0.781303142791109 0.781303142791109 0.781303142791109 0.781303142791109
0.797127824863941 0.797127824863941 0.797127824863941 0.797127824863941
0.844032265950873 0.844032265950873 0.844032265950873 0.844032265950873
0.741129264734189 0.741129264734189 0.741129264734189 0.741129264734189
0.930162332981803 0.930162332981803 0.930162332981803 0.930162332981803
0.899985969612367 0.899985969612367 0.899985969612367 0.899985969612367
0.924489743923611 0.924489743923611 0.924489743923611 0.924489743923611
0.6662100773732 0.6662100773732 0.6662100773732 0.6662100773732
0.871978309756492 0.871978309756492 0.871978309756492 0.871978309756492
0.8264439089923 0.8264439089923 0.8264439089923 0.8264439089923
0.534210183492553 0.534210183492553 0.534210183492553 0.534210183492553
0.632959231701404 0.632959231701404 0.632959231701404 0.632959231701404
0.751073134721193 0.751073134721193 0.751073134721193 0.751073134721193
0.872441812335384 0.872441812335384 0.872441812335384 0.872441812335384
1.1763902561859 1.1763902561859 1.1763902561859 1.1763902561859
1.27429921305576 1.27429921305576 1.27429921305576 1.27429921305576
1.70275723252378 1.70275723252378 1.70275723252378 1.70275723252378
1.85462533039128 1.85462533039128 1.85462533039128 1.85462533039128
1.59709266816749 1.59709266816749 1.59709266816749 1.59709266816749
1.34979144222959 1.34979144222959 1.34979144222959 1.34979144222959
1.30485916194599 1.30485916194599 1.30485916194599 1.30485916194599
1.46529524616428 1.46529524616428 1.46529524616428 1.46529524616428
1.8563056146671 1.8563056146671 1.8563056146671 1.8563056146671
2.01664349505069 2.01664349505069 2.01664349505069 2.01664349505069
1.91578161492914 1.91578161492914 1.91578161492914 1.91578161492914
2.22002007183707 2.22002007183707 2.22002007183707 2.22002007183707
1.56658823825174 1.56658823825174 1.56658823825174 1.56658823825174
1.27379534779075 1.27379534779075 1.27379534779075 1.27379534779075
1.1466887999141 1.1466887999141 1.1466887999141 1.1466887999141
0.896413680072197 0.896413680072197 0.896413680072197 0.896413680072197
1.15886457281953 1.15886457281953 1.15886457281953 1.15886457281953
0.928597448425181 0.928597448425181 0.928597448425181 0.928597448425181
0.903325174182304 0.903325174182304 0.903325174182304 0.903325174182304
0.886196979842574 0.886196979842574 0.886196979842574 0.886196979842574
1.83601265903209 1.83601265903209 1.83601265903209 1.83601265903209
1.51203529813427 1.51203529813427 1.51203529813427 1.51203529813427
1.34208143286905 1.34208143286905 1.34208143286905 1.34208143286905
1.58837240235012 1.58837240235012 1.58837240235012 1.58837240235012
1.40236739010353 1.40236739010353 1.40236739010353 1.40236739010353
1.55823900147291 1.55823900147291 1.55823900147291 1.55823900147291
1.3299408969421 1.3299408969421 1.3299408969421 1.3299408969421
0.976513734821737 0.976513734821737 0.976513734821737 0.976513734821737
1.03505527845862 1.03505527845862 1.03505527845862 1.03505527845862
0.907984461247941 0.907984461247941 0.907984461247941 0.907984461247941
0.936095534395795 0.936095534395795 0.936095534395795 0.936095534395795
0.919436027819147 0.919436027819147 0.919436027819147 0.919436027819147
1.07746962684048 1.07746962684048 1.07746962684048 1.07746962684048
1.18875101771522 1.18875101771522 1.18875101771522 1.18875101771522
1.07736974870737 1.07736974870737 1.07736974870737 1.07736974870737
1.01005065406476 1.01005065406476 1.01005065406476 1.01005065406476
0.891554887692254 0.891554887692254 0.891554887692254 0.891554887692254
0.740803404615734 0.740803404615734 0.740803404615734 0.740803404615734
0.641710196797343 0.641710196797343 0.641710196797343 0.641710196797343
0.898624636263364 0.898624636263364 0.898624636263364 0.898624636263364
1.4169925587592 1.4169925587592 1.4169925587592 1.4169925587592
1.78039648232233 1.78039648232233 1.78039648232233 1.78039648232233
1.62835029716909 1.62835029716909 1.62835029716909 1.62835029716909
1.07534325104016 1.07534325104016 1.07534325104016 1.07534325104016
1.35537280589539 1.35537280589539 1.35537280589539 1.35537280589539
1.21128036487078 1.21128036487078 1.21128036487078 1.21128036487078
1.0425704934528 1.0425704934528 1.0425704934528 1.0425704934528
1.00561599919653 1.00561599919653 1.00561599919653 1.00561599919653
1.2101359341178 1.2101359341178 1.2101359341178 1.2101359341178
1.11649441143216 1.11649441143216 1.11649441143216 1.11649441143216
1.39913291900896 1.39913291900896 1.39913291900896 1.39913291900896
1.10593464289206 1.10593464289206 1.10593464289206 1.10593464289206
0.868822411557441 0.868822411557441 0.868822411557441 0.868822411557441
0.60438170045156 0.60438170045156 0.60438170045156 0.60438170045156
0.922353344663396 0.922353344663396 0.922353344663396 0.922353344663396
0.749323090727645 0.749323090727645 0.749323090727645 0.749323090727645
0.767293975117379 0.767293975117379 0.767293975117379 0.767293975117379
0.72509786726504 0.72509786726504 0.72509786726504 0.72509786726504
0.881696993655394 0.881696993655394 0.881696993655394 0.881696993655394
0.897117203507603 0.897117203507603 0.897117203507603 0.897117203507603
0.925249401600503 0.925249401600503 0.925249401600503 0.925249401600503
0.842687597415323 0.842687597415323 0.842687597415323 0.842687597415323
0.963703133621281 0.963703133621281 0.963703133621281 0.963703133621281
0.882763321437976 0.882763321437976 0.882763321437976 0.882763321437976
0.774846111829561 0.774846111829561 0.774846111829561 0.774846111829561
0.784402719809193 0.784402719809193 0.784402719809193 0.784402719809193
0.724766788082389 0.724766788082389 0.724766788082389 0.724766788082389
0.568061131592369 0.568061131592369 0.568061131592369 0.568061131592369
0.863672287347709 0.863672287347709 0.863672287347709 0.863672287347709
0.994696906721299 0.994696906721299 0.994696906721299 0.994696906721299
1.15888404836522 1.15888404836522 1.15888404836522 1.15888404836522
0.722671706573492 0.722671706573492 0.722671706573492 0.722671706573492
1.08569147668351 1.08569147668351 1.08569147668351 1.08569147668351
0.651343898074608 0.651343898074608 0.651343898074608 0.651343898074608
0.799998043928688 0.799998043928688 0.799998043928688 0.799998043928688
0.871178780099202 0.871178780099202 0.871178780099202 0.871178780099202
0.91917266429766 0.91917266429766 0.91917266429766 0.91917266429766
0.933762088120598 0.933762088120598 0.933762088120598 0.933762088120598
0.797814593792359 0.797814593792359 0.797814593792359 0.797814593792359
0.961052624334729 0.961052624334729 0.961052624334729 0.961052624334729
1.06379976212894 1.06379976212894 1.06379976212894 1.06379976212894
0.899582448012802 0.899582448012802 0.899582448012802 0.899582448012802
0.898538115359797 0.898538115359797 0.898538115359797 0.898538115359797
1.13135871950662 1.13135871950662 1.13135871950662 1.13135871950662
0.992542401492513 0.992542401492513 0.992542401492513 0.992542401492513
1.10302057257039 1.10302057257039 1.10302057257039 1.10302057257039
0.757542142428852 0.757542142428852 0.757542142428852 0.757542142428852
0.706069026996132 0.706069026996132 0.706069026996132 0.706069026996132
0.848382688298914 0.848382688298914 0.848382688298914 0.848382688298914
0.790914546851626 0.790914546851626 0.790914546851626 0.790914546851626
1.08386083338918 1.08386083338918 1.08386083338918 1.08386083338918
0.922649969254172 0.922649969254172 0.922649969254172 0.922649969254172
1.47391642551632 1.47391642551632 1.47391642551632 1.47391642551632
1.32534951892526 1.32534951892526 1.32534951892526 1.32534951892526
1.13218124081699 1.13218124081699 1.13218124081699 1.13218124081699
0.847182407254578 0.847182407254578 0.847182407254578 0.847182407254578
1.12527014348779 1.12527014348779 1.12527014348779 1.12527014348779
0.918084874489023 0.918084874489023 0.918084874489023 0.918084874489023
1.03410489390841 1.03410489390841 1.03410489390841 1.03410489390841
0.776708966728938 0.776708966728938 0.776708966728938 0.776708966728938
0.938733650599461 0.938733650599461 0.938733650599461 0.938733650599461
0.999394456318305 0.999394456318305 0.999394456318305 0.999394456318305
1.35034949797625 1.35034949797625 1.35034949797625 1.35034949797625
1.14153357113584 1.14153357113584 1.14153357113584 1.14153357113584
1.82748190786516 1.82748190786516 1.82748190786516 1.82748190786516
1.77626443919281 1.77626443919281 1.77626443919281 1.77626443919281
1.61679153083177 1.61679153083177 1.61679153083177 1.61679153083177
1.29723036846433 1.29723036846433 1.29723036846433 1.29723036846433
1.25149412692457 1.25149412692457 1.25149412692457 1.25149412692457
1.17148753336889 1.17148753336889 1.17148753336889 1.17148753336889
1.1983595158867 1.1983595158867 1.1983595158867 1.1983595158867
1.37038887458466 1.37038887458466 1.37038887458466 1.37038887458466
1.6784375644541 1.6784375644541 1.6784375644541 1.6784375644541
1.31525191858327 1.31525191858327 1.31525191858327 1.31525191858327
1.07291626273039 1.07291626273039 1.07291626273039 1.07291626273039
1.07998687069718 1.07998687069718 1.07998687069718 1.07998687069718
0.730511585038739 0.730511585038739 0.730511585038739 0.730511585038739
0.72437351438827 0.72437351438827 0.72437351438827 0.72437351438827
1.3028316013749 1.3028316013749 1.3028316013749 1.3028316013749
1.52499761758072 1.52499761758072 1.52499761758072 1.52499761758072
1.26103678155726 1.26103678155726 1.26103678155726 1.26103678155726
0.866414962083062 0.866414962083062 0.866414962083062 0.866414962083062
0.876012164835796 0.876012164835796 0.876012164835796 0.876012164835796
1.03618921432765 1.03618921432765 1.03618921432765 1.03618921432765
0.684760601718706 0.684760601718706 0.684760601718706 0.684760601718706
0.863351715381401 0.863351715381401 0.863351715381401 0.863351715381401
1.03553963165123 1.03553963165123 1.03553963165123 1.03553963165123
0.868993699302005 0.868993699302005 0.868993699302005 0.868993699302005
0.847435535840511 0.847435535840511 0.847435535840511 0.847435535840511
0.909477467626595 0.909477467626595 0.909477467626595 0.909477467626595
0.960240346654805 0.960240346654805 0.960240346654805 0.960240346654805
0.707925125728939 0.707925125728939 0.707925125728939 0.707925125728939
0.748577512801743 0.748577512801743 0.748577512801743 0.748577512801743
0.674673184420166 0.674673184420166 0.674673184420166 0.674673184420166
0.857770481504352 0.857770481504352 0.857770481504352 0.857770481504352
0.846880156814275 0.846880156814275 0.846880156814275 0.846880156814275
0.86430087545395 0.86430087545395 0.86430087545395 0.86430087545395
0.874167527481543 0.874167527481543 0.874167527481543 0.874167527481543
0.900656916810692 0.900656916810692 0.900656916810692 0.900656916810692
0.813949107081695 0.813949107081695 0.813949107081695 0.813949107081695
0.795222618706494 0.795222618706494 0.795222618706494 0.795222618706494
0.787454882306356 0.787454882306356 0.787454882306356 0.787454882306356
1.03274732464841 1.03274732464841 1.03274732464841 1.03274732464841
0.964116850058082 0.964116850058082 0.964116850058082 0.964116850058082
0.974183200771675 0.974183200771675 0.974183200771675 0.974183200771675
0.652269203474594 0.652269203474594 0.652269203474594 0.652269203474594
0.754657303204949 0.754657303204949 0.754657303204949 0.754657303204949
0.825614893784178 0.825614893784178 0.825614893784178 0.825614893784178
0.937744099250439 0.937744099250439 0.937744099250439 0.937744099250439
0.849602128718926 0.849602128718926 0.849602128718926 0.849602128718926
1.04741039099536 1.04741039099536 1.04741039099536 1.04741039099536
0.853800418136845 0.853800418136845 0.853800418136845 0.853800418136845
0.576611951979909 0.576611951979909 0.576611951979909 0.576611951979909
0.515888491480403 0.515888491480403 0.515888491480403 0.515888491480403
0.505683121288793 0.505683121288793 0.505683121288793 0.505683121288793
0.710612259065733 0.710612259065733 0.710612259065733 0.710612259065733
0.75523269641898 0.75523269641898 0.75523269641898 0.75523269641898
1.18695826860597 1.18695826860597 1.18695826860597 1.18695826860597
1.28955363282337 1.28955363282337 1.28955363282337 1.28955363282337
1.04592432105784 1.04592432105784 1.04592432105784 1.04592432105784
1.08851468413845 1.08851468413845 1.08851468413845 1.08851468413845
1.05322918600697 1.05322918600697 1.05322918600697 1.05322918600697
0.917150959030584 0.917150959030584 0.917150959030584 0.917150959030584
0.966481510541182 0.966481510541182 0.966481510541182 0.966481510541182
1.07867877424305 1.07867877424305 1.07867877424305 1.07867877424305
0.824817046531566 0.824817046531566 0.824817046531566 0.824817046531566
0.753364486237859 0.753364486237859 0.753364486237859 0.753364486237859
1.07809970242641 1.07809970242641 1.07809970242641 1.07809970242641
1.24376508122713 1.24376508122713 1.24376508122713 1.24376508122713
1.03048230252117 1.03048230252117 1.03048230252117 1.03048230252117
0.880547009575875 0.880547009575875 0.880547009575875 0.880547009575875
0.902017624096412 0.902017624096412 0.902017624096412 0.902017624096412
1.00897212235842 1.00897212235842 1.00897212235842 1.00897212235842
1.14822969598548 1.14822969598548 1.14822969598548 1.14822969598548
1.15767091480964 1.15767091480964 1.15767091480964 1.15767091480964
1.03934859555928 1.03934859555928 1.03934859555928 1.03934859555928
1.14411820534818 1.14411820534818 1.14411820534818 1.14411820534818
1.19294444428247 1.19294444428247 1.19294444428247 1.19294444428247
1.69465615407162 1.69465615407162 1.69465615407162 1.69465615407162
1.42462551486818 1.42462551486818 1.42462551486818 1.42462551486818
1.73230861535576 1.73230861535576 1.73230861535576 1.73230861535576
1.79992242123764 1.79992242123764 1.79992242123764 1.79992242123764
1.59366068354783 1.59366068354783 1.59366068354783 1.59366068354783
1.32855346335859 1.32855346335859 1.32855346335859 1.32855346335859
1.13430499354015 1.13430499354015 1.13430499354015 1.13430499354015
1.20977379048961 1.20977379048961 1.20977379048961 1.20977379048961
1.35292838137916 1.35292838137916 1.35292838137916 1.35292838137916
1.50814904707258 1.50814904707258 1.50814904707258 1.50814904707258
1.69990775471359 1.69990775471359 1.69990775471359 1.69990775471359
1.59147264930769 1.59147264930769 1.59147264930769 1.59147264930769
1.40718307022589 1.40718307022589 1.40718307022589 1.40718307022589
1.33517012862844 1.33517012862844 1.33517012862844 1.33517012862844
1.42040704120228 1.42040704120228 1.42040704120228 1.42040704120228
1.70369876600545 1.70369876600545 1.70369876600545 1.70369876600545
0.928015434917093 0.928015434917093 0.928015434917093 0.928015434917093
0.923588629607268 0.923588629607268 0.923588629607268 0.923588629607268
0.817711916224768 0.817711916224768 0.817711916224768 0.817711916224768
0.992169739987966 0.992169739987966 0.992169739987966 0.992169739987966
1.09911122115097 1.09911122115097 1.09911122115097 1.09911122115097
0.68479604400582 0.68479604400582 0.68479604400582 0.68479604400582
0.761114022158741 0.761114022158741 0.761114022158741 0.761114022158741
0.641512797535126 0.641512797535126 0.641512797535126 0.641512797535126
0.790649916354688 0.790649916354688 0.790649916354688 0.790649916354688
0.685098705298057 0.685098705298057 0.685098705298057 0.685098705298057
0.588223677423876 0.588223677423876 0.588223677423876 0.588223677423876
0.652853618822412 0.652853618822412 0.652853618822412 0.652853618822412
0.76670986217303 0.76670986217303 0.76670986217303 0.76670986217303
0.705840673450799 0.705840673450799 0.705840673450799 0.705840673450799
0.734047691768972 0.734047691768972 0.734047691768972 0.734047691768972
0.608350907486031 0.608350907486031 0.608350907486031 0.608350907486031
0.991274597600823 0.991274597600823 0.991274597600823 0.991274597600823
0.703284837382423 0.703284837382423 0.703284837382423 0.703284837382423
0.704722027291608 0.704722027291608 0.704722027291608 0.704722027291608
1.00758781138332 1.00758781138332 1.00758781138332 1.00758781138332
0.857881936334653 0.857881936334653 0.857881936334653 0.857881936334653
1.19782083839984 1.19782083839984 1.19782083839984 1.19782083839984
1.26263031560381 1.26263031560381 1.26263031560381 1.26263031560381
1.1509180392952 1.1509180392952 1.1509180392952 1.1509180392952
1.16125390751897 1.16125390751897 1.16125390751897 1.16125390751897
0.96830967267296 0.96830967267296 0.96830967267296 0.96830967267296
1.15852363136993 1.15852363136993 1.15852363136993 1.15852363136993
1.11658127342224 1.11658127342224 1.11658127342224 1.11658127342224
0.899933919547239 0.899933919547239 0.899933919547239 0.899933919547239
0.889356243739124 0.889356243739124 0.889356243739124 0.889356243739124
0.730739512329339 0.730739512329339 0.730739512329339 0.730739512329339
0.791123153316102 0.791123153316102 0.791123153316102 0.791123153316102
1.21914159574619 1.21914159574619 1.21914159574619 1.21914159574619
0.874121454353184 0.874121454353184 0.874121454353184 0.874121454353184
0.734865270524136 0.734865270524136 0.734865270524136 0.734865270524136
0.847055823397834 0.847055823397834 0.847055823397834 0.847055823397834
0.62215666150816 0.62215666150816 0.62215666150816 0.62215666150816
0.825095824124809 0.825095824124809 0.825095824124809 0.825095824124809
1.00951990513325 1.00951990513325 1.00951990513325 1.00951990513325
0.901834873218348 0.901834873218348 0.901834873218348 0.901834873218348
0.871386513908682 0.871386513908682 0.871386513908682 0.871386513908682
0.925132302752953 0.925132302752953 0.925132302752953 0.925132302752953
1.19876553313037 1.19876553313037 1.19876553313037 1.19876553313037
1.0000197944418 1.0000197944418 1.0000197944418 1.0000197944418
0.884460951369844 0.884460951369844 0.884460951369844 0.884460951369844
1.02890185464225 1.02890185464225 1.02890185464225 1.02890185464225
0.992088935668501 0.992088935668501 0.992088935668501 0.992088935668501
0.862240420413361 0.862240420413361 0.862240420413361 0.862240420413361
1.01913698786917 1.01913698786917 1.01913698786917 1.01913698786917
1.19314942878008 1.19314942878008 1.19314942878008 1.19314942878008
1.28340870258223 1.28340870258223 1.28340870258223 1.28340870258223
1.18702675285424 1.18702675285424 1.18702675285424 1.18702675285424
1.23707293914616 1.23707293914616 1.23707293914616 1.23707293914616
1.01940228059221 1.01940228059221 1.01940228059221 1.01940228059221
0.818204556963665 0.818204556963665 0.818204556963665 0.818204556963665
0.970342712868822 0.970342712868822 0.970342712868822 0.970342712868822
1.25750841116233 1.25750841116233 1.25750841116233 1.25750841116233
1.0623480190404 1.0623480190404 1.0623480190404 1.0623480190404
0.739166150309082 0.739166150309082 0.739166150309082 0.739166150309082
1.10487691454689 1.10487691454689 1.10487691454689 1.10487691454689
1.33759670752934 1.33759670752934 1.33759670752934 1.33759670752934
1.34376677612387 1.34376677612387 1.34376677612387 1.34376677612387
1.45252086407591 1.45252086407591 1.45252086407591 1.45252086407591
1.68828169646369 1.68828169646369 1.68828169646369 1.68828169646369
1.53133929294096 1.53133929294096 1.53133929294096 1.53133929294096
1.48438249700475 1.48438249700475 1.48438249700475 1.48438249700475
1.52231295627377 1.52231295627377 1.52231295627377 1.52231295627377
1.2082375962585 1.2082375962585 1.2082375962585 1.2082375962585
1.30922818357031 1.30922818357031 1.30922818357031 1.30922818357031
1.48919470312753 1.48919470312753 1.48919470312753 1.48919470312753
1.81389060970207 1.81389060970207 1.81389060970207 1.81389060970207
1.67654397758508 1.67654397758508 1.67654397758508 1.67654397758508
1.54252840651812 1.54252840651812 1.54252840651812 1.54252840651812
1.16853625724096 1.16853625724096 1.16853625724096 1.16853625724096
1.09517925088565 1.09517925088565 1.09517925088565 1.09517925088565
0.938546713887475 0.938546713887475 0.938546713887475 0.938546713887475
0.944427601498566 0.944427601498566 0.944427601498566 0.944427601498566
1.17053164411188 1.17053164411188 1.17053164411188 1.17053164411188
0.930957312669533 0.930957312669533 0.930957312669533 0.930957312669533
1.00637544906173 1.00637544906173 1.00637544906173 1.00637544906173
0.847576394132716 0.847576394132716 0.847576394132716 0.847576394132716
1.11089478563832 1.11089478563832 1.11089478563832 1.11089478563832
1.13583765522752 1.13583765522752 1.13583765522752 1.13583765522752
1.33755659282415 1.33755659282415 1.33755659282415 1.33755659282415
1.19409284935562 1.19409284935562 1.19409284935562 1.19409284935562
1.28221151692283 1.28221151692283 1.28221151692283 1.28221151692283
1.57682464632237 1.57682464632237 1.57682464632237 1.57682464632237
1.49136985244214 1.49136985244214 1.49136985244214 1.49136985244214
1.60186879480908 1.60186879480908 1.60186879480908 1.60186879480908
1.89792063809427 1.89792063809427 1.89792063809427 1.89792063809427
1.42209583213296 1.42209583213296 1.42209583213296 1.42209583213296
1.19786176906105 1.19786176906105 1.19786176906105 1.19786176906105
1.15770314574058 1.15770314574058 1.15770314574058 1.15770314574058
0.956620318941697 0.956620318941697 0.956620318941697 0.956620318941697
1.06089108676777 1.06089108676777 1.06089108676777 1.06089108676777
0.870324291560538 0.870324291560538 0.870324291560538 0.870324291560538
0.890471510218777 0.890471510218777 0.890471510218777 0.890471510218777
0.906072093490365 0.906072093490365 0.906072093490365 0.906072093490365
1.19796720881696 1.19796720881696 1.19796720881696 1.19796720881696
0.848195158162323 0.848195158162323 0.848195158162323 0.848195158162323
1.14774126566692 1.14774126566692 1.14774126566692 1.14774126566692
0.890860339322239 0.890860339322239 0.890860339322239 0.890860339322239
1.12128140454646 1.12128140454646 1.12128140454646 1.12128140454646
1.233619791803 1.233619791803 1.233619791803 1.233619791803
1.06369286197774 1.06369286197774 1.06369286197774 1.06369286197774
1.10029958190323 1.10029958190323 1.10029958190323 1.10029958190323
1.16003511579102 1.16003511579102 1.16003511579102 1.16003511579102
1.44911013461946 1.44911013461946 1.44911013461946 1.44911013461946
1.15349746161535 1.15349746161535 1.15349746161535 1.15349746161535
0.982334108887035 0.982334108887035 0.982334108887035 0.982334108887035
1.01908054552879 1.01908054552879 1.01908054552879 1.01908054552879
0.972685126531898 0.972685126531898 0.972685126531898 0.972685126531898
0.997881996168457 0.997881996168457 0.997881996168457 0.997881996168457
0.771017093897638 0.771017093897638 0.771017093897638 0.771017093897638
0.713440276773996 0.713440276773996 0.713440276773996 0.713440276773996
0.748241374049277 0.748241374049277 0.748241374049277 0.748241374049277
1.02625389947773 1.02625389947773 1.02625389947773 1.02625389947773
0.937733554562572 0.937733554562572 0.937733554562572 0.937733554562572
1.66001835751406 1.66001835751406 1.66001835751406 1.66001835751406
1.48545781973503 1.48545781973503 1.48545781973503 1.48545781973503
0.955569660724768 0.955569660724768 0.955569660724768 0.955569660724768
0.951568756989198 0.951568756989198 0.951568756989198 0.951568756989198
1.11770619682874 1.11770619682874 1.11770619682874 1.11770619682874
1.12731760606407 1.12731760606407 1.12731760606407 1.12731760606407
1.47169357220894 1.47169357220894 1.47169357220894 1.47169357220894
1.23560340768582 1.23560340768582 1.23560340768582 1.23560340768582
1.11789346220675 1.11789346220675 1.11789346220675 1.11789346220675
0.70718873385069 0.70718873385069 0.70718873385069 0.70718873385069
0.862391841117515 0.862391841117515 0.862391841117515 0.862391841117515
1.03774450648116 1.03774450648116 1.03774450648116 1.03774450648116
0.988782187766935 0.988782187766935 0.988782187766935 0.988782187766935
0.89029885873299 0.89029885873299 0.89029885873299 0.89029885873299
1.12431224324712 1.12431224324712 1.12431224324712 1.12431224324712
1.02833656701235 1.02833656701235 1.02833656701235 1.02833656701235
1.20518823755837 1.20518823755837 1.20518823755837 1.20518823755837
1.28999460634557 1.28999460634557 1.28999460634557 1.28999460634557
1.32514902030779 1.32514902030779 1.32514902030779 1.32514902030779
1.0679403188361 1.0679403188361 1.0679403188361 1.0679403188361
1.16063268258976 1.16063268258976 1.16063268258976 1.16063268258976
1.16325106046007 1.16325106046007 1.16325106046007 1.16325106046007
0.935816038976867 0.935816038976867 0.935816038976867 0.935816038976867
1.19903378317228 1.19903378317228 1.19903378317228 1.19903378317228
1.66186180852631 1.66186180852631 1.66186180852631 1.66186180852631
1.61859611966847 1.61859611966847 1.61859611966847 1.61859611966847
1.20246654712033 1.20246654712033 1.20246654712033 1.20246654712033
1.26101257639683 1.26101257639683 1.26101257639683 1.26101257639683
1.22100609343363 1.22100609343363 1.22100609343363 1.22100609343363
0.898444409497382 0.898444409497382 0.898444409497382 0.898444409497382
1.06598638064443 1.06598638064443 1.06598638064443 1.06598638064443
0.580212964599458 0.580212964599458 0.580212964599458 0.580212964599458
0.886001456167409 0.886001456167409 0.886001456167409 0.886001456167409
0.723039574214052 0.723039574214052 0.723039574214052 0.723039574214052
0.899787979432819 0.899787979432819 0.899787979432819 0.899787979432819
0.858954301762187 0.858954301762187 0.858954301762187 0.858954301762187
0.687686962584046 0.687686962584046 0.687686962584046 0.687686962584046
1.09715112920488 1.09715112920488 1.09715112920488 1.09715112920488
0.948840479429736 0.948840479429736 0.948840479429736 0.948840479429736
1.33297141634087 1.33297141634087 1.33297141634087 1.33297141634087
0.808324333500085 0.808324333500085 0.808324333500085 0.808324333500085
1.23411864774836 1.23411864774836 1.23411864774836 1.23411864774836
1.17632744889445 1.17632744889445 1.17632744889445 1.17632744889445
1.08137101141909 1.08137101141909 1.08137101141909 1.08137101141909
0.943336183383475 0.943336183383475 0.943336183383475 0.943336183383475
1.06271479051069 1.06271479051069 1.06271479051069 1.06271479051069
1.01981688931195 1.01981688931195 1.01981688931195 1.01981688931195
0.735841218151148 0.735841218151148 0.735841218151148 0.735841218151148
0.736406668413337 0.736406668413337 0.736406668413337 0.736406668413337
0.989994851977258 0.989994851977258 0.989994851977258 0.989994851977258
0.99509395428807 0.99509395428807 0.99509395428807 0.99509395428807
1.14734404665915 1.14734404665915 1.14734404665915 1.14734404665915
1.23262709092887 1.23262709092887 1.23262709092887 1.23262709092887
1.05076975922252 1.05076975922252 1.05076975922252 1.05076975922252
1.0764622732649 1.0764622732649 1.0764622732649 1.0764622732649
1.15369036770673 1.15369036770673 1.15369036770673 1.15369036770673
1.08283532468843 1.08283532468843 1.08283532468843 1.08283532468843
0.88861431151338 0.88861431151338 0.88861431151338 0.88861431151338
0.85413911359535 0.85413911359535 0.85413911359535 0.85413911359535
1.23902548665305 1.23902548665305 1.23902548665305 1.23902548665305
1.06359738006625 1.06359738006625 1.06359738006625 1.06359738006625
1.05114107227646 1.05114107227646 1.05114107227646 1.05114107227646
1.25607170632197 1.25607170632197 1.25607170632197 1.25607170632197
1.22554488360239 1.22554488360239 1.22554488360239 1.22554488360239
1.3549931893654 1.3549931893654 1.3549931893654 1.3549931893654
1.24200615403989 1.24200615403989 1.24200615403989 1.24200615403989
1.06301489309421 1.06301489309421 1.06301489309421 1.06301489309421
0.961318152880506 0.961318152880506 0.961318152880506 0.961318152880506
0.983024536978376 0.983024536978376 0.983024536978376 0.983024536978376
0.981701415918826 0.981701415918826 0.981701415918826 0.981701415918826
0.888864039190965 0.888864039190965 0.888864039190965 0.888864039190965
0.899286769397301 0.899286769397301 0.899286769397301 0.899286769397301
0.786129755468521 0.786129755468521 0.786129755468521 0.786129755468521
1.11218450079074 1.11218450079074 1.11218450079074 1.11218450079074
1.09562183801642 1.09562183801642 1.09562183801642 1.09562183801642
1.12079922804052 1.12079922804052 1.12079922804052 1.12079922804052
1.03879062281091 1.03879062281091 1.03879062281091 1.03879062281091
0.859853112821214 0.859853112821214 0.859853112821214 0.859853112821214
1.08341525573682 1.08341525573682 1.08341525573682 1.08341525573682
1.11719159154124 1.11719159154124 1.11719159154124 1.11719159154124
1.0417516223751 1.0417516223751 1.0417516223751 1.0417516223751
0.84652579606317 0.84652579606317 0.84652579606317 0.84652579606317
1.25674629542967 1.25674629542967 1.25674629542967 1.25674629542967
1.02927672148079 1.02927672148079 1.02927672148079 1.02927672148079
0.805524373423557 0.805524373423557 0.805524373423557 0.805524373423557
1.0807737754226 1.0807737754226 1.0807737754226 1.0807737754226
1.03344192002785 1.03344192002785 1.03344192002785 1.03344192002785
1.23501560101893 1.23501560101893 1.23501560101893 1.23501560101893
0.91105913955074 0.91105913955074 0.91105913955074 0.91105913955074
0.882056249363159 0.882056249363159 0.882056249363159 0.882056249363159
1.04354982270495 1.04354982270495 1.04354982270495 1.04354982270495
0.954897741015037 0.954897741015037 0.954897741015037 0.954897741015037
0.810491047535249 0.810491047535249 0.810491047535249 0.810491047535249
0.93729874235129 0.93729874235129 0.93729874235129 0.93729874235129
1.39990254485449 1.39990254485449 1.39990254485449 1.39990254485449
1.05344940015349 1.05344940015349 1.05344940015349 1.05344940015349
1.07181345205514 1.07181345205514 1.07181345205514 1.07181345205514
0.921390617564187 0.921390617564187 0.921390617564187 0.921390617564187
0.771826067492954 0.771826067492954 0.771826067492954 0.771826067492954
0.698051314383529 0.698051314383529 0.698051314383529 0.698051314383529
0.775537406274085 0.775537406274085 0.775537406274085 0.775537406274085
0.84614558974363 0.84614558974363 0.84614558974363 0.84614558974363
0.726323574868096 0.726323574868096 0.726323574868096 0.726323574868096
0.84336636589471 0.84336636589471 0.84336636589471 0.84336636589471
1.07179754632417 1.07179754632417 1.07179754632417 1.07179754632417
0.959443025953435 0.959443025953435 0.959443025953435 0.959443025953435
0.943268030518378 0.943268030518378 0.943268030518378 0.943268030518378
0.676932243100247 0.676932243100247 0.676932243100247 0.676932243100247
0.654465676746804 0.654465676746804 0.654465676746804 0.654465676746804
0.648190292774352 0.648190292774352 0.648190292774352 0.648190292774352
0.679377331238687 0.679377331238687 0.679377331238687 0.679377331238687
0.916423858912189 0.916423858912189 0.916423858912189 0.916423858912189
0.671538350529634 0.671538350529634 0.671538350529634 0.671538350529634
0.827331289419689 0.827331289419689 0.827331289419689 0.827331289419689
0.784459807534393 0.784459807534393 0.784459807534393 0.784459807534393
0.654725804773513 0.654725804773513 0.654725804773513 0.654725804773513
0.585952746649396 0.585952746649396 0.585952746649396 0.585952746649396
0.798248753553908 0.798248753553908 0.798248753553908 0.798248753553908
0.927009625095493 0.927009625095493 0.927009625095493 0.927009625095493
0.610895276850442 0.610895276850442 0.610895276850442 0.610895276850442
0.696712054613273 0.696712054613273 0.696712054613273 0.696712054613273
0.710571552642116 0.710571552642116 0.710571552642116 0.710571552642116
0.657891319769362 0.657891319769362 0.657891319769362 0.657891319769362
0.745124049901922 0.745124049901922 0.745124049901922 0.745124049901922
0.625282018649121 0.625282018649121 0.625282018649121 0.625282018649121
0.58857377762694 0.58857377762694 0.58857377762694 0.58857377762694
0.834337591659539 0.834337591659539 0.834337591659539 0.834337591659539
0.666690347909054 0.666690347909054 0.666690347909054 0.666690347909054
0.583515056902701 0.583515056902701 0.583515056902701 0.583515056902701
0.715016530776885 0.715016530776885 0.715016530776885 0.715016530776885
0.705360026112667 0.705360026112667 0.705360026112667 0.705360026112667
0.934707259658403 0.934707259658403 0.934707259658403 0.934707259658403
0.910937575347338 0.910937575347338 0.910937575347338 0.910937575347338
0.931960611852398 0.931960611852398 0.931960611852398 0.931960611852398
1.00528605366467 1.00528605366467 1.00528605366467 1.00528605366467
1.31123767252167 1.31123767252167 1.31123767252167 1.31123767252167
1.51268076985702 1.51268076985702 1.51268076985702 1.51268076985702
1.59187741168592 1.59187741168592 1.59187741168592 1.59187741168592
0.934251628899903 0.934251628899903 0.934251628899903 0.934251628899903
0.950194789703115 0.950194789703115 0.950194789703115 0.950194789703115
0.950378449966328 0.950378449966328 0.950378449966328 0.950378449966328
0.997670390579762 0.997670390579762 0.997670390579762 0.997670390579762
0.929591017591173 0.929591017591173 0.929591017591173 0.929591017591173
0.982715338477602 0.982715338477602 0.982715338477602 0.982715338477602
0.96946315586465 0.96946315586465 0.96946315586465 0.96946315586465
0.930860291840352 0.930860291840352 0.930860291840352 0.930860291840352
0.829096056911818 0.829096056911818 0.829096056911818 0.829096056911818
0.874359826812618 0.874359826812618 0.874359826812618 0.874359826812618
0.960447286686068 0.960447286686068 0.960447286686068 0.960447286686068
1.10535467813613 1.10535467813613 1.10535467813613 1.10535467813613
0.75556851278582 0.75556851278582 0.75556851278582 0.75556851278582
0.806222692593444 0.806222692593444 0.806222692593444 0.806222692593444
1.12092420616025 1.12092420616025 1.12092420616025 1.12092420616025
0.892321336314627 0.892321336314627 0.892321336314627 0.892321336314627
1.01505906185172 1.01505906185172 1.01505906185172 1.01505906185172
0.936356568838128 0.936356568838128 0.936356568838128 0.936356568838128
0.931664717582277 0.931664717582277 0.931664717582277 0.931664717582277
0.736026510690789 0.736026510690789 0.736026510690789 0.736026510690789
0.936696880884104 0.936696880884104 0.936696880884104 0.936696880884104
0.841510965942114 0.841510965942114 0.841510965942114 0.841510965942114
0.800527057662837 0.800527057662837 0.800527057662837 0.800527057662837
0.678740852715866 0.678740852715866 0.678740852715866 0.678740852715866
0.958843545621543 0.958843545621543 0.958843545621543 0.958843545621543
0.857237311067604 0.857237311067604 0.857237311067604 0.857237311067604
1.04470351716127 1.04470351716127 1.04470351716127 1.04470351716127
1.28601287167422 1.28601287167422 1.28601287167422 1.28601287167422
1.09557333653732 1.09557333653732 1.09557333653732 1.09557333653732
0.939806493181948 0.939806493181948 0.939806493181948 0.939806493181948
1.03156490723657 1.03156490723657 1.03156490723657 1.03156490723657
0.858194572401284 0.858194572401284 0.858194572401284 0.858194572401284
1.02240567059351 1.02240567059351 1.02240567059351 1.02240567059351
0.648886056508218 0.648886056508218 0.648886056508218 0.648886056508218
0.553628522109372 0.553628522109372 0.553628522109372 0.553628522109372
0.794130400439106 0.794130400439106 0.794130400439106 0.794130400439106
0.572680230461801 0.572680230461801 0.572680230461801 0.572680230461801
0.818816636846996 0.818816636846996 0.818816636846996 0.818816636846996
0.675631306538227 0.675631306538227 0.675631306538227 0.675631306538227
0.874623157114778 0.874623157114778 0.874623157114778 0.874623157114778
0.800117346355867 0.800117346355867 0.800117346355867 0.800117346355867
0.912074650820119 0.912074650820119 0.912074650820119 0.912074650820119
0.805616127098497 0.805616127098497 0.805616127098497 0.805616127098497
0.907836780013043 0.907836780013043 0.907836780013043 0.907836780013043
0.813123991696914 0.813123991696914 0.813123991696914 0.813123991696914
0.868617168306194 0.868617168306194 0.868617168306194 0.868617168306194
0.637213473660201 0.637213473660201 0.637213473660201 0.637213473660201
0.8843916221488 0.8843916221488 0.8843916221488 0.8843916221488
0.612351993268863 0.612351993268863 0.612351993268863 0.612351993268863
0.594678559019668 0.594678559019668 0.594678559019668 0.594678559019668
0.509645861810883 0.509645861810883 0.509645861810883 0.509645861810883
0.536429504357476 0.536429504357476 0.536429504357476 0.536429504357476
0.56989378793198 0.56989378793198 0.56989378793198 0.56989378793198
0.663575917926523 0.663575917926523 0.663575917926523 0.663575917926523
0.591566415940444 0.591566415940444 0.591566415940444 0.591566415940444
0.707035966820368 0.707035966820368 0.707035966820368 0.707035966820368
0.895159803380031 0.895159803380031 0.895159803380031 0.895159803380031
1.01716259847595 1.01716259847595 1.01716259847595 1.01716259847595
0.867835010980574 0.867835010980574 0.867835010980574 0.867835010980574
0.740000487559623 0.740000487559623 0.740000487559623 0.740000487559623
0.689856402387477 0.689856402387477 0.689856402387477 0.689856402387477
0.831269568950691 0.831269568950691 0.831269568950691 0.831269568950691
1.00365935485901 1.00365935485901 1.00365935485901 1.00365935485901
0.606257395940908 0.606257395940908 0.606257395940908 0.606257395940908
0.801664492371653 0.801664492371653 0.801664492371653 0.801664492371653
0.787278164495167 0.787278164495167 0.787278164495167 0.787278164495167
0.917100173593311 0.917100173593311 0.917100173593311 0.917100173593311
1.19377574104061 1.19377574104061 1.19377574104061 1.19377574104061
0.641074745870164 0.641074745870164 0.641074745870164 0.641074745870164
0.755360241544523 0.755360241544523 0.755360241544523 0.755360241544523
1.02676363384002 1.02676363384002 1.02676363384002 1.02676363384002
0.606111474672618 0.606111474672618 0.606111474672618 0.606111474672618
0.834977372542906 0.834977372542906 0.834977372542906 0.834977372542906
0.853564640087551 0.853564640087551 0.853564640087551 0.853564640087551
0.685965183115467 0.685965183115467 0.685965183115467 0.685965183115467
0.922812231839772 0.922812231839772 0.922812231839772 0.922812231839772
0.845378060668833 0.845378060668833 0.845378060668833 0.845378060668833
0.857976976156912 0.857976976156912 0.857976976156912 0.857976976156912
1.21320307575749 1.21320307575749 1.21320307575749 1.21320307575749
1.49495500848099 1.49495500848099 1.49495500848099 1.49495500848099
1.20929270415891 1.20929270415891 1.20929270415891 1.20929270415891
0.836292114394398 0.836292114394398 0.836292114394398 0.836292114394398
1.06501011916345 1.06501011916345 1.06501011916345 1.06501011916345
0.794407872772402 0.794407872772402 0.794407872772402 0.794407872772402
0.997910646317098 0.997910646317098 0.997910646317098 0.997910646317098
1.13714292332015 1.13714292332015 1.13714292332015 1.13714292332015
1.29414603902897 1.29414603902897 1.29414603902897 1.29414603902897
1.05729979455106 1.05729979455106 1.05729979455106 1.05729979455106
0.763385780997109 0.763385780997109 0.763385780997109 0.763385780997109
0.994720445475167 0.994720445475167 0.994720445475167 0.994720445475167
1.10944529682233 1.10944529682233 1.10944529682233 1.10944529682233
1.26756655621901 1.26756655621901 1.26756655621901 1.26756655621901
1.11575973211999 1.11575973211999 1.11575973211999 1.11575973211999
1.03247335889282 1.03247335889282 1.03247335889282 1.03247335889282
1.11480658085495 1.11480658085495 1.11480658085495 1.11480658085495
0.90653935092884 0.90653935092884 0.90653935092884 0.90653935092884
1.02635388014957 1.02635388014957 1.02635388014957 1.02635388014957
0.930778363415427 0.930778363415427 0.930778363415427 0.930778363415427
1.18015200024938 1.18015200024938 1.18015200024938 1.18015200024938
1.3437367451463 1.3437367451463 1.3437367451463 1.3437367451463
1.25561097052386 1.25561097052386 1.25561097052386 1.25561097052386
1.03434106729463 1.03434106729463 1.03434106729463 1.03434106729463
0.933336399276105 0.933336399276105 0.933336399276105 0.933336399276105
0.804598229019596 0.804598229019596 0.804598229019596 0.804598229019596
0.906913093541788 0.906913093541788 0.906913093541788 0.906913093541788
1.20923402010374 1.20923402010374 1.20923402010374 1.20923402010374
0.912804590240213 0.912804590240213 0.912804590240213 0.912804590240213
0.881878316525446 0.881878316525446 0.881878316525446 0.881878316525446
0.674252714842654 0.674252714842654 0.674252714842654 0.674252714842654
0.788886571086225 0.788886571086225 0.788886571086225 0.788886571086225
0.743512256900697 0.743512256900697 0.743512256900697 0.743512256900697
0.636436766353391 0.636436766353391 0.636436766353391 0.636436766353391
0.768030487926622 0.768030487926622 0.768030487926622 0.768030487926622
0.745515755876244 0.745515755876244 0.745515755876244 0.745515755876244
0.623686511534156 0.623686511534156 0.623686511534156 0.623686511534156
0.71494358458771 0.71494358458771 0.71494358458771 0.71494358458771
0.759489733560557 0.759489733560557 0.759489733560557 0.759489733560557
0.542809472642484 0.542809472642484 0.542809472642484 0.542809472642484
0.785890757609566 0.785890757609566 0.785890757609566 0.785890757609566
0.638047589200491 0.638047589200491 0.638047589200491 0.638047589200491
0.883811299429251 0.883811299429251 0.883811299429251 0.883811299429251
0.628274411380841 0.628274411380841 0.628274411380841 0.628274411380841
0.855329056515445 0.855329056515445 0.855329056515445 0.855329056515445
0.596930150759129 0.596930150759129 0.596930150759129 0.596930150759129
0.646722455600588 0.646722455600588 0.646722455600588 0.646722455600588
0.565716674350776 0.565716674350776 0.565716674350776 0.565716674350776
0.843884961719042 0.843884961719042 0.843884961719042 0.843884961719042
0.681495187385494 0.681495187385494 0.681495187385494 0.681495187385494
1.04145026871498 1.04145026871498 1.04145026871498 1.04145026871498
0.974789298667599 0.974789298667599 0.974789298667599 0.974789298667599
1.19957492415462 1.19957492415462 1.19957492415462 1.19957492415462
1.08223410400047 1.08223410400047 1.08223410400047 1.08223410400047
1.0029613212547 1.0029613212547 1.0029613212547 1.0029613212547
0.918626091143273 0.918626091143273 0.918626091143273 0.918626091143273
1.14163520656687 1.14163520656687 1.14163520656687 1.14163520656687
1.27785410258014 1.27785410258014 1.27785410258014 1.27785410258014
1.33758856181777 1.33758856181777 1.33758856181777 1.33758856181777
1.16383260892362 1.16383260892362 1.16383260892362 1.16383260892362
1.162286322344 1.162286322344 1.162286322344 1.162286322344
1.26319925204972 1.26319925204972 1.26319925204972 1.26319925204972
1.28567758596001 1.28567758596001 1.28567758596001 1.28567758596001
1.11388751893712 1.11388751893712 1.11388751893712 1.11388751893712
1.05415815382367 1.05415815382367 1.05415815382367 1.05415815382367
1.18410422469509 1.18410422469509 1.18410422469509 1.18410422469509
0.795870863617164 0.795870863617164 0.795870863617164 0.795870863617164
1.1309334409782 1.1309334409782 1.1309334409782 1.1309334409782
1.48533548499211 1.48533548499211 1.48533548499211 1.48533548499211
1.72109523073982 1.72109523073982 1.72109523073982 1.72109523073982
1.63973321004286 1.63973321004286 1.63973321004286 1.63973321004286
1.63282369513748 1.63282369513748 1.63282369513748 1.63282369513748
1.51995124220794 1.51995124220794 1.51995124220794 1.51995124220794
1.35532286987616 1.35532286987616 1.35532286987616 1.35532286987616
1.36932086515615 1.36932086515615 1.36932086515615 1.36932086515615
1.38630174308821 1.38630174308821 1.38630174308821 1.38630174308821
1.22309107550035 1.22309107550035 1.22309107550035 1.22309107550035
1.37090449012356 1.37090449012356 1.37090449012356 1.37090449012356
