42783.5282670195 42783.5282670195 42783.5282670195 42783.5282670195
43112.4201446286 43112.4201446286 43112.4201446286 43112.4201446286
42749.2701855307 42749.2701855307 42749.2701855307 42749.2701855307
42204.3363413339 42204.3363413339 42204.3363413339 42204.3363413339
41929.0825939662 41929.0825939662 41929.0825939662 41929.0825939662
41471.5171027758 41471.5171027758 41471.5171027758 41471.5171027758
40964.4601294345 40964.4601294345 40964.4601294345 40964.4601294345
41424.7414412587 41424.7414412587 41424.7414412587 41424.7414412587
42417.7178858064 42417.7178858064 42417.7178858064 42417.7178858064
42234.9700116269 42234.9700116269 42234.9700116269 42234.9700116269
42843.2418833516 42843.2418833516 42843.2418833516 42843.2418833516
43175.6847093936 43175.6847093936 43175.6847093936 43175.6847093936
43922.7807803638 43922.7807803638 43922.7807803638 43922.7807803638
43920.957110142 43920.957110142 43920.957110142 43920.957110142
43444.602493046 43444.602493046 43444.602493046 43444.602493046
43380.160272452 43380.160272452 43380.160272452 43380.160272452
43081.7669382465 43081.7669382465 43081.7669382465 43081.7669382465
42805.7096292756 42805.7096292756 42805.7096292756 42805.7096292756
42548.3311891667 42548.3311891667 42548.3311891667 42548.3311891667
42583.2208209494 42583.2208209494 42583.2208209494 42583.2208209494
43816.9729102181 43816.9729102181 43816.9729102181 43816.9729102181
44012.6106428553 44012.6106428553 44012.6106428553 44012.6106428553
43153.3523193829 43153.3523193829 43153.3523193829 43153.3523193829
43513.8382948285 43513.8382948285 43513.8382948285 43513.8382948285
44021.8401377947 44021.8401377947 44021.8401377947 44021.8401377947
43537.7727935047 43537.7727935047 43537.7727935047 43537.7727935047
43483.8592279329 43483.8592279329 43483.8592279329 43483.8592279329
43780.2752015349 43780.2752015349 43780.2752015349 43780.2752015349
44407.5837809447 44407.5837809447 44407.5837809447 44407.5837809447
44610.888699573 44610.888699573 44610.888699573 44610.888699573
44599.699096573 44599.699096573 44599.699096573 44599.699096573
45712.6570005287 45712.6570005287 45712.6570005287 45712.6570005287
46220.5691603426 46220.5691603426 46220.5691603426 46220.5691603426
46116.1253832727 46116.1253832727 46116.1253832727 46116.1253832727
46021.587372399 46021.587372399 46021.587372399 46021.587372399
46322.8203037245 46322.8203037245 46322.8203037245 46322.8203037245
46364.2343314955 46364.2343314955 46364.2343314955 46364.2343314955
45815.5179142934 45815.5179142934 45815.5179142934 45815.5179142934
45846.1577726611 45846.1577726611 45846.1577726611 45846.1577726611
45285.0348716361 45285.0348716361 45285.0348716361 45285.0348716361
45355.0799015162 45355.0799015162 45355.0799015162 45355.0799015162
44369.9510354707 44369.9510354707 44369.9510354707 44369.9510354707
44677.1897249245 44677.1897249245 44677.1897249245 44677.1897249245
44029.5406229555 44029.5406229555 44029.5406229555 44029.5406229555
44690.5586370169 44690.5586370169 44690.5586370169 44690.5586370169
44002.0652096225 44002.0652096225 44002.0652096225 44002.0652096225
43295.0451337608 43295.0451337608 43295.0451337608 43295.0451337608
43120.2852986807 43120.2852986807 43120.2852986807 43120.2852986807
44224.3483116343 44224.3483116343 44224.3483116343 44224.3483116343
43862.0765090621 43862.0765090621 43862.0765090621 43862.0765090621
43479.2650701126 43479.2650701126 43479.2650701126 43479.2650701126
43593.2562103378 43593.2562103378 43593.2562103378 43593.2562103378
42661.8559079793 42661.8559079793 42661.8559079793 42661.8559079793
43346.5051520996 43346.5051520996 43346.5051520996 43346.5051520996
42633.5825435876 42633.5825435876 42633.5825435876 42633.5825435876
42670.8155135484 42670.8155135484 42670.8155135484 42670.8155135484
42792.0957808054 42792.0957808054 42792.0957808054 42792.0957808054
43636.0969136831 43636.0969136831 43636.0969136831 43636.0969136831
42753.0976743508 42753.0976743508 42753.0976743508 42753.0976743508
43655.5497028305 43655.5497028305 43655.5497028305 43655.5497028305
43323.9603497503 43323.9603497503 43323.9603497503 43323.9603497503
43520.5293221412 43520.5293221412 43520.5293221412 43520.5293221412
44198.0115591156 44198.0115591156 44198.0115591156 44198.0115591156
43377.1450441073 43377.1450441073 43377.1450441073 43377.1450441073
43115.43448698 43115.43448698 43115.43448698 43115.43448698
42960.3081676063 42960.3081676063 42960.3081676063 42960.3081676063
42755.0784256534 42755.0784256534 42755.0784256534 42755.0784256534
43331.1157827538 43331.1157827538 43331.1157827538 43331.1157827538
42528.1143488014 42528.1143488014 42528.1143488014 42528.1143488014
42522.7395483001 42522.7395483001 42522.7395483001 42522.7395483001
41981.9571700768 41981.9571700768 41981.9571700768 41981.9571700768
42087.4238675865 42087.4238675865 42087.4238675865 42087.4238675865
43411.1691728728 43411.1691728728 43411.1691728728 43411.1691728728
42593.5664010681 42593.5664010681 42593.5664010681 42593.5664010681
42958.6657007152 42958.6657007152 42958.6657007152 42958.6657007152
43739.7247859783 43739.7247859783 43739.7247859783 43739.7247859783
42471.0304369591 42471.0304369591 42471.0304369591 42471.0304369591
39999.2064455339 39999.2064455339 39999.2064455339 39999.2064455339
40096.4987631869 40096.4987631869 40096.4987631869 40096.4987631869
39656.6008529347 39656.6008529347 39656.6008529347 39656.6008529347
39774.5358063097 39774.5358063097 39774.5358063097 39774.5358063097
40706.9729690493 40706.9729690493 40706.9729690493 40706.9729690493
41114.2586013296 41114.2586013296 41114.2586013296 41114.2586013296
40909.4306169596 40909.4306169596 40909.4306169596 40909.4306169596
40771.6181670061 40771.6181670061 40771.6181670061 40771.6181670061
41002.5862961436 41002.5862961436 41002.5862961436 41002.5862961436
41268.9143711482 41268.9143711482 41268.9143711482 41268.9143711482
41514.7933582721 41514.7933582721 41514.7933582721 41514.7933582721
41255.733276687 41255.733276687 41255.733276687 41255.733276687
40763.2132629253 40763.2132629253 40763.2132629253 40763.2132629253
40657.082538637 40657.082538637 40657.082538637 40657.082538637
40761.6788517508 40761.6788517508 40761.6788517508 40761.6788517508
41304.7332537615 41304.7332537615 41304.7332537615 41304.7332537615
41870.3631368775 41870.3631368775 41870.3631368775 41870.3631368775
41819.7349584184 41819.7349584184 41819.7349584184 41819.7349584184
41430.2248356261 41430.2248356261 41430.2248356261 41430.2248356261
41844.543107586 41844.543107586 41844.543107586 41844.543107586
41876.3458091446 41876.3458091446 41876.3458091446 41876.3458091446
41483.04982283 41483.04982283 41483.04982283 41483.04982283
40917.6176372016 40917.6176372016 40917.6176372016 40917.6176372016
40638.9206810849 40638.9206810849 40638.9206810849 40638.9206810849
40644.5747903312 40644.5747903312 40644.5747903312 40644.5747903312
40827.8490290942 40827.8490290942 40827.8490290942 40827.8490290942
39856.7661573698 39856.7661573698 39856.7661573698 39856.7661573698
40195.6467239015 40195.6467239015 40195.6467239015 40195.6467239015
39458.415921046 39458.415921046 39458.415921046 39458.415921046
38582.9130519274 38582.9130519274 38582.9130519274 38582.9130519274
38265.9323138257 38265.9323138257 38265.9323138257 38265.9323138257
37915.4470854646 37915.4470854646 37915.4470854646 37915.4470854646
37509.0455304528 37509.0455304528 37509.0455304528 37509.0455304528
36619.0559843752 36619.0559843752 36619.0559843752 36619.0559843752
35867.0578399897 35867.0578399897 35867.0578399897 35867.0578399897
34487.6903061442 34487.6903061442 34487.6903061442 34487.6903061442
34186.2113307633 34186.2113307633 34186.2113307633 34186.2113307633
35082.4728507617 35082.4728507617 35082.4728507617 35082.4728507617
34369.0628765948 34369.0628765948 34369.0628765948 34369.0628765948
34588.5014106751 34588.5014106751 34588.5014106751 34588.5014106751
34240.0721125525 34240.0721125525 34240.0721125525 34240.0721125525
34698.7962052529 34698.7962052529 34698.7962052529 34698.7962052529
33934.7365950308 33934.7365950308 33934.7365950308 33934.7365950308
33920.561566783 33920.561566783 33920.561566783 33920.561566783
33197.4423574556 33197.4423574556 33197.4423574556 33197.4423574556
31736.9045138681 31736.9045138681 31736.9045138681 31736.9045138681
32835.6742829678 32835.6742829678 32835.6742829678 32835.6742829678
32810.6317660568 32810.6317660568 32810.6317660568 32810.6317660568
31515.4690787581 31515.4690787581 31515.4690787581 31515.4690787581
31007.2227636416 31007.2227636416 31007.2227636416 31007.2227636416
31520.1180691818 31520.1180691818 31520.1180691818 31520.1180691818
32536.6324559137 32536.6324559137 32536.6324559137 32536.6324559137
33110.5355047715 33110.5355047715 33110.5355047715 33110.5355047715
32663.9441430779 32663.9441430779 32663.9441430779 32663.9441430779
32742.817375871 32742.817375871 32742.817375871 32742.817375871
33010.888146676 33010.888146676 33010.888146676 33010.888146676
33069.4414271466 33069.4414271466 33069.4414271466 33069.4414271466
33446.6530323317 33446.6530323317 33446.6530323317 33446.6530323317
32694.4486676063 32694.4486676063 32694.4486676063 32694.4486676063
31936.9217461898 31936.9217461898 31936.9217461898 31936.9217461898
32602.1429394129 32602.1429394129 32602.1429394129 32602.1429394129
32494.6500971267 32494.6500971267 32494.6500971267 32494.6500971267
33516.2921775311 33516.2921775311 33516.2921775311 33516.2921775311
32987.7642011572 32987.7642011572 32987.7642011572 32987.7642011572
33011.766373253 33011.766373253 33011.766373253 33011.766373253
33468.1377802374 33468.1377802374 33468.1377802374 33468.1377802374
33805.2154699009 33805.2154699009 33805.2154699009 33805.2154699009
33706.1683160703 33706.1683160703 33706.1683160703 33706.1683160703
32952.1209135369 32952.1209135369 32952.1209135369 32952.1209135369
33462.7965397852 33462.7965397852 33462.7965397852 33462.7965397852
33736.6824858121 33736.6824858121 33736.6824858121 33736.6824858121
33984.1566041169 33984.1566041169 33984.1566041169 33984.1566041169
33217.0050281428 33217.0050281428 33217.0050281428 33217.0050281428
33627.1649470101 33627.1649470101 33627.1649470101 33627.1649470101
34164.2957678139 34164.2957678139 34164.2957678139 34164.2957678139
34153.767296429 34153.767296429 34153.767296429 34153.767296429
34231.7312166266 34231.7312166266 34231.7312166266 34231.7312166266
35265.2270817011 35265.2270817011 35265.2270817011 35265.2270817011
34884.6603555291 34884.6603555291 34884.6603555291 34884.6603555291
34822.8426782069 34822.8426782069 34822.8426782069 34822.8426782069
35290.9443073119 35290.9443073119 35290.9443073119 35290.9443073119
34974.9238662552 34974.9238662552 34974.9238662552 34974.9238662552
34674.5962773508 34674.5962773508 34674.5962773508 34674.5962773508
35401.660545324 35401.660545324 35401.660545324 35401.660545324
34991.3848910261 34991.3848910261 34991.3848910261 34991.3848910261
35132.9291156668 35132.9291156668 35132.9291156668 35132.9291156668
35214.7012509866 35214.7012509866 35214.7012509866 35214.7012509866
34466.4725242123 34466.4725242123 34466.4725242123 34466.4725242123
34900.5582669567 34900.5582669567 34900.5582669567 34900.5582669567
34678.226685024 34678.226685024 34678.226685024 34678.226685024
35114.4497093234 35114.4497093234 35114.4497093234 35114.4497093234
35586.5536606433 35586.5536606433 35586.5536606433 35586.5536606433
36635.0427167885 36635.0427167885 36635.0427167885 36635.0427167885
37666.9638928494 37666.9638928494 37666.9638928494 37666.9638928494
37632.2734242341 37632.2734242341 37632.2734242341 37632.2734242341
37426.0378354752 37426.0378354752 37426.0378354752 37426.0378354752
36907.0725984544 36907.0725984544 36907.0725984544 36907.0725984544
37653.5479181744 37653.5479181744 37653.5479181744 37653.5479181744
37684.9757005192 37684.9757005192 37684.9757005192 37684.9757005192
37904.2067046432 37904.2067046432 37904.2067046432 37904.2067046432
39027.1770550625 39027.1770550625 39027.1770550625 39027.1770550625
38143.1528027279 38143.1528027279 38143.1528027279 38143.1528027279
38674.0812910495 38674.0812910495 38674.0812910495 38674.0812910495
39266.0529080982 39266.0529080982 39266.0529080982 39266.0529080982
38431.9546108116 38431.9546108116 38431.9546108116 38431.9546108116
38133.6530045491 38133.6530045491 38133.6530045491 38133.6530045491
37775.7975791123 37775.7975791123 37775.7975791123 37775.7975791123
36971.4467347923 36971.4467347923 36971.4467347923 36971.4467347923
36358.7224757726 36358.7224757726 36358.7224757726 36358.7224757726
36588.4258093991 36588.4258093991 36588.4258093991 36588.4258093991
36091.2348479844 36091.2348479844 36091.2348479844 36091.2348479844
35795.8395202397 35795.8395202397 35795.8395202397 35795.8395202397
34793.6175230145 34793.6175230145 34793.6175230145 34793.6175230145
35516.6577431925 35516.6577431925 35516.6577431925 35516.6577431925
34382.5641649073 34382.5641649073 34382.5641649073 34382.5641649073
34243.5720020286 34243.5720020286 34243.5720020286 34243.5720020286
34611.7519394654 34611.7519394654 34611.7519394654 34611.7519394654
35642.0031658701 35642.0031658701 35642.0031658701 35642.0031658701
36657.754383781 36657.754383781 36657.754383781 36657.754383781
36443.0267332989 36443.0267332989 36443.0267332989 36443.0267332989
35246.447063617 35246.447063617 35246.447063617 35246.447063617
36517.777708945 36517.777708945 36517.777708945 36517.777708945
35515.3972895986 35515.3972895986 35515.3972895986 35515.3972895986
34489.9284731036 34489.9284731036 34489.9284731036 34489.9284731036
33958.276505079 33958.276505079 33958.276505079 33958.276505079
33378.9447343215 33378.9447343215 33378.9447343215 33378.9447343215
32774.3452104324 32774.3452104324 32774.3452104324 32774.3452104324
32685.7497497377 32685.7497497377 32685.7497497377 32685.7497497377
32577.8337415781 32577.8337415781 32577.8337415781 32577.8337415781
32925.8236211023 32925.8236211023 32925.8236211023 32925.8236211023
33451.4849745991 33451.4849745991 33451.4849745991 33451.4849745991
33178.2148709516 33178.2148709516 33178.2148709516 33178.2148709516
34024.011644993 34024.011644993 34024.011644993 34024.011644993
32582.5300386562 32582.5300386562 32582.5300386562 32582.5300386562
33900.3748094259 33900.3748094259 33900.3748094259 33900.3748094259
34630.9965030461 34630.9965030461 34630.9965030461 34630.9965030461
33421.7802316128 33421.7802316128 33421.7802316128 33421.7802316128
33359.1908823871 33359.1908823871 33359.1908823871 33359.1908823871
33688.6249432167 33688.6249432167 33688.6249432167 33688.6249432167
33279.9775437871 33279.9775437871 33279.9775437871 33279.9775437871
33444.8525454961 33444.8525454961 33444.8525454961 33444.8525454961
32649.080964822 32649.080964822 32649.080964822 32649.080964822
32170.5215427263 32170.5215427263 32170.5215427263 32170.5215427263
31183.2040292427 31183.2040292427 31183.2040292427 31183.2040292427
30972.4128983702 30972.4128983702 30972.4128983702 30972.4128983702
31475.9664527147 31475.9664527147 31475.9664527147 31475.9664527147
30304.123471601 30304.123471601 30304.123471601 30304.123471601
30379.9619499633 30379.9619499633 30379.9619499633 30379.9619499633
30113.2935285727 30113.2935285727 30113.2935285727 30113.2935285727
30667.5121725037 30667.5121725037 30667.5121725037 30667.5121725037
30565.5873262914 30565.5873262914 30565.5873262914 30565.5873262914
30352.8863845712 30352.8863845712 30352.8863845712 30352.8863845712
30853.6508283905 30853.6508283905 30853.6508283905 30853.6508283905
31769.8170902579 31769.8170902579 31769.8170902579 31769.8170902579
31551.1484408102 31551.1484408102 31551.1484408102 31551.1484408102
30669.5229667477 30669.5229667477 30669.5229667477 30669.5229667477
31340.9266578966 31340.9266578966 31340.9266578966 31340.9266578966
30140.7053662568 30140.7053662568 30140.7053662568 30140.7053662568
30474.1936949403 30474.1936949403 30474.1936949403 30474.1936949403
31032.5908738926 31032.5908738926 31032.5908738926 31032.5908738926
31362.6601356644 31362.6601356644 31362.6601356644 31362.6601356644
30583.5337456751 30583.5337456751 30583.5337456751 30583.5337456751
30943.599828623 30943.599828623 30943.599828623 30943.599828623
30939.8833660421 30939.8833660421 30939.8833660421 30939.8833660421
31145.0971286155 31145.0971286155 31145.0971286155 31145.0971286155
30298.6215010214 30298.6215010214 30298.6215010214 30298.6215010214
30228.3387410428 30228.3387410428 30228.3387410428 30228.3387410428
31286.4985789557 31286.4985789557 31286.4985789557 31286.4985789557
30560.3570165644 30560.3570165644 30560.3570165644 30560.3570165644
30256.169421477 30256.169421477 30256.169421477 30256.169421477
30914.737222655 30914.737222655 30914.737222655 30914.737222655
30093.3131741581 30093.3131741581 30093.3131741581 30093.3131741581
30141.01992527 30141.01992527 30141.01992527 30141.01992527
31416.053064459 31416.053064459 31416.053064459 31416.053064459
30989.886834775 30989.886834775 30989.886834775 30989.886834775
31217.392269972 31217.392269972 31217.392269972 31217.392269972
32511.3086398542 32511.3086398542 32511.3086398542 32511.3086398542
32727.0224415555 32727.0224415555 32727.0224415555 32727.0224415555
34300.7224987753 34300.7224987753 34300.7224987753 34300.7224987753
33708.7859919466 33708.7859919466 33708.7859919466 33708.7859919466
35060.1640823894 35060.1640823894 35060.1640823894 35060.1640823894
35795.8527972193 35795.8527972193 35795.8527972193 35795.8527972193
35001.5008541541 35001.5008541541 35001.5008541541 35001.5008541541
34289.4755970366 34289.4755970366 34289.4755970366 34289.4755970366
35273.9002888206 35273.9002888206 35273.9002888206 35273.9002888206
34653.9257975298 34653.9257975298 34653.9257975298 34653.9257975298
35818.0303803984 35818.0303803984 35818.0303803984 35818.0303803984
35517.4721604358 35517.4721604358 35517.4721604358 35517.4721604358
36039.6451308912 36039.6451308912 36039.6451308912 36039.6451308912
35806.1207635092 35806.1207635092 35806.1207635092 35806.1207635092
35686.9763904853 35686.9763904853 35686.9763904853 35686.9763904853
34809.3807502017 34809.3807502017 34809.3807502017 34809.3807502017
35674.8957839153 35674.8957839153 35674.8957839153 35674.8957839153
34869.1202656879 34869.1202656879 34869.1202656879 34869.1202656879
34566.7926668705 34566.7926668705 34566.7926668705 34566.7926668705
34591.008663257 34591.008663257 34591.008663257 34591.008663257
34495.7747900357 34495.7747900357 34495.7747900357 34495.7747900357
33758.3758208084 33758.3758208084 33758.3758208084 33758.3758208084
32868.0339712162 32868.0339712162 32868.0339712162 32868.0339712162
33275.817785913 33275.817785913 33275.817785913 33275.817785913
32959.2080127523 32959.2080127523 32959.2080127523 32959.2080127523
33331.7345934881 33331.7345934881 33331.7345934881 33331.7345934881
33971.2169767377 33971.2169767377 33971.2169767377 33971.2169767377
34057.7705377882 34057.7705377882 34057.7705377882 34057.7705377882
34338.3622732722 34338.3622732722 34338.3622732722 34338.3622732722
34513.0273529903 34513.0273529903 34513.0273529903 34513.0273529903
34118.3793261291 34118.3793261291 34118.3793261291 34118.3793261291
34614.9632257218 34614.9632257218 34614.9632257218 34614.9632257218
35653.3868496312 35653.3868496312 35653.3868496312 35653.3868496312
35585.630903094 35585.630903094 35585.630903094 35585.630903094
35626.7106909098 35626.7106909098 35626.7106909098 35626.7106909098
34470.9660435085 34470.9660435085 34470.9660435085 34470.9660435085
35025.0293536868 35025.0293536868 35025.0293536868 35025.0293536868
33661.8898135251 33661.8898135251 33661.8898135251 33661.8898135251
33792.416012456 33792.416012456 33792.416012456 33792.416012456
33559.528528126 33559.528528126 33559.528528126 33559.528528126
32814.4051290152 32814.4051290152 32814.4051290152 32814.4051290152
31406.3943016819 31406.3943016819 31406.3943016819 31406.3943016819
30962.9786895792 30962.9786895792 30962.9786895792 30962.9786895792
31473.7185561467 31473.7185561467 31473.7185561467 31473.7185561467
31395.8223937886 31395.8223937886 31395.8223937886 31395.8223937886
32161.5939677181 32161.5939677181 32161.5939677181 32161.5939677181
33148.6927127036 33148.6927127036 33148.6927127036 33148.6927127036
32232.8615878891 32232.8615878891 32232.8615878891 32232.8615878891
32357.7400759646 32357.7400759646 32357.7400759646 32357.7400759646
32259.5944400713 32259.5944400713 32259.5944400713 32259.5944400713
32254.7854427036 32254.7854427036 32254.7854427036 32254.7854427036
32318.9312484087 32318.9312484087 32318.9312484087 32318.9312484087
33038.175327722 33038.175327722 33038.175327722 33038.175327722
33286.6140595445 33286.6140595445 33286.6140595445 33286.6140595445
33294.784836342 33294.784836342 33294.784836342 33294.784836342
33110.0260685513 33110.0260685513 33110.0260685513 33110.0260685513
31910.3872920645 31910.3872920645 31910.3872920645 31910.3872920645
31720.5043413049 31720.5043413049 31720.5043413049 31720.5043413049
31468.5413992871 31468.5413992871 31468.5413992871 31468.5413992871
31308.271109408 31308.271109408 31308.271109408 31308.271109408
31294.8492233177 31294.8492233177 31294.8492233177 31294.8492233177
30487.2355033497 30487.2355033497 30487.2355033497 30487.2355033497
29856.1474879521 29856.1474879521 29856.1474879521 29856.1474879521
28277.5510497359 28277.5510497359 28277.5510497359 28277.5510497359
28814.9857868826 28814.9857868826 28814.9857868826 28814.9857868826
26816.0871366941 26816.0871366941 26816.0871366941 26816.0871366941
26624.0574467546 26624.0574467546 26624.0574467546 26624.0574467546
25967.6819124802 25967.6819124802 25967.6819124802 25967.6819124802
27409.4202280189 27409.4202280189 27409.4202280189 27409.4202280189
26440.1895208123 26440.1895208123 26440.1895208123 26440.1895208123
27668.2956112971 27668.2956112971 27668.2956112971 27668.2956112971
28106.6826159193 28106.6826159193 28106.6826159193 28106.6826159193
27023.2164724829 27023.2164724829 27023.2164724829 27023.2164724829
26245.127465884 26245.127465884 26245.127465884 26245.127465884
25978.8026939695 25978.8026939695 25978.8026939695 25978.8026939695
24745.609295556 24745.609295556 24745.609295556 24745.609295556
25387.6548405642 25387.6548405642 25387.6548405642 25387.6548405642
25561.1466410151 25561.1466410151 25561.1466410151 25561.1466410151
26055.6695471733 26055.6695471733 26055.6695471733 26055.6695471733
25987.6838735315 25987.6838735315 25987.6838735315 25987.6838735315
27066.1208657256 27066.1208657256 27066.1208657256 27066.1208657256
27264.6693253488 27264.6693253488 27264.6693253488 27264.6693253488
26715.8133701115 26715.8133701115 26715.8133701115 26715.8133701115
27554.2325419638 27554.2325419638 27554.2325419638 27554.2325419638
27014.3030977584 27014.3030977584 27014.3030977584 27014.3030977584
28437.7053917735 28437.7053917735 28437.7053917735 28437.7053917735
28792.3712368177 28792.3712368177 28792.3712368177 28792.3712368177
28997.8745321541 28997.8745321541 28997.8745321541 28997.8745321541
29845.9850284406 29845.9850284406 29845.9850284406 29845.9850284406
28223.9567888951 28223.9567888951 28223.9567888951 28223.9567888951
28521.6013557893 28521.6013557893 28521.6013557893 28521.6013557893
28102.5993474812 28102.5993474812 28102.5993474812 28102.5993474812
28105.6556009723 28105.6556009723 28105.6556009723 28105.6556009723
28692.2288094401 28692.2288094401 28692.2288094401 28692.2288094401
28594.8904542339 28594.8904542339 28594.8904542339 28594.8904542339
28303.7249553552 28303.7249553552 28303.7249553552 28303.7249553552
28738.5958070439 28738.5958070439 28738.5958070439 28738.5958070439
27809.9143502331 27809.9143502331 27809.9143502331 27809.9143502331
28607.9190513422 28607.9190513422 28607.9190513422 28607.9190513422
30300.369094988 30300.369094988 30300.369094988 30300.369094988
30747.1250778464 30747.1250778464 30747.1250778464 30747.1250778464
30300.9233740278 30300.9233740278 30300.9233740278 30300.9233740278
29820.9693645307 29820.9693645307 29820.9693645307 29820.9693645307
30304.4226762782 30304.4226762782 30304.4226762782 30304.4226762782
30586.8246468303 30586.8246468303 30586.8246468303 30586.8246468303
31957.8700390571 31957.8700390571 31957.8700390571 31957.8700390571
32064.5421843662 32064.5421843662 32064.5421843662 32064.5421843662
32503.0255091904 32503.0255091904 32503.0255091904 32503.0255091904
33244.3087096449 33244.3087096449 33244.3087096449 33244.3087096449
33350.3884229357 33350.3884229357 33350.3884229357 33350.3884229357
34124.3845889524 34124.3845889524 34124.3845889524 34124.3845889524
35026.6165309597 35026.6165309597 35026.6165309597 35026.6165309597
36020.5137984942 36020.5137984942 36020.5137984942 36020.5137984942
35448.4459852337 35448.4459852337 35448.4459852337 35448.4459852337
35559.613574539 35559.613574539 35559.613574539 35559.613574539
35681.7877077522 35681.7877077522 35681.7877077522 35681.7877077522
35990.3881661799 35990.3881661799 35990.3881661799 35990.3881661799
36524.8705856643 36524.8705856643 36524.8705856643 36524.8705856643
36203.7862947518 36203.7862947518 36203.7862947518 36203.7862947518
36384.007011703 36384.007011703 36384.007011703 36384.007011703
36446.5362287275 36446.5362287275 36446.5362287275 36446.5362287275
35686.8944035312 35686.8944035312 35686.8944035312 35686.8944035312
35779.1257433365 35779.1257433365 35779.1257433365 35779.1257433365
36940.4500709064 36940.4500709064 36940.4500709064 36940.4500709064
37290.8859603496 37290.8859603496 37290.8859603496 37290.8859603496
37856.6904674459 37856.6904674459 37856.6904674459 37856.6904674459
38380.0546551012 38380.0546551012 38380.0546551012 38380.0546551012
38774.7404388927 38774.7404388927 38774.7404388927 38774.7404388927
38575.7824335996 38575.7824335996 38575.7824335996 38575.7824335996
39735.1766623009 39735.1766623009 39735.1766623009 39735.1766623009
40477.819210024 40477.819210024 40477.819210024 40477.819210024
40505.9090680297 40505.9090680297 40505.9090680297 40505.9090680297
39298.715007489 39298.715007489 39298.715007489 39298.715007489
39527.2467406838 39527.2467406838 39527.2467406838 39527.2467406838
39652.9799346831 39652.9799346831 39652.9799346831 39652.9799346831
40119.5364970648 40119.5364970648 40119.5364970648 40119.5364970648
39545.4691214339 39545.4691214339 39545.4691214339 39545.4691214339
38760.5811600716 38760.5811600716 38760.5811600716 38760.5811600716
38636.5739225795 38636.5739225795 38636.5739225795 38636.5739225795
38982.222297612 38982.222297612 38982.222297612 38982.222297612
39404.8753353985 39404.8753353985 39404.8753353985 39404.8753353985
40297.1044356062 40297.1044356062 40297.1044356062 40297.1044356062
40910.9759379256 40910.9759379256 40910.9759379256 40910.9759379256
41176.5897929458 41176.5897929458 41176.5897929458 41176.5897929458
40523.3482669951 40523.3482669951 40523.3482669951 40523.3482669951
40793.0493800076 40793.0493800076 40793.0493800076 40793.0493800076
41136.1281198487 41136.1281198487 41136.1281198487 41136.1281198487
40314.2930733291 40314.2930733291 40314.2930733291 40314.2930733291
40792.8115694037 40792.8115694037 40792.8115694037 40792.8115694037
39740.0089319162 39740.0089319162 39740.0089319162 39740.0089319162
39549.2275650205 39549.2275650205 39549.2275650205 39549.2275650205
41074.4662333283 41074.4662333283 41074.4662333283 41074.4662333283
41389.3395281 41389.3395281 41389.3395281 41389.3395281
42118.7875135327 42118.7875135327 42118.7875135327 42118.7875135327
41493.2470344151 41493.2470344151 41493.2470344151 41493.2470344151
41312.0283277748 41312.0283277748 41312.0283277748 41312.0283277748
40517.3033860295 40517.3033860295 40517.3033860295 40517.3033860295
39217.2269475596 39217.2269475596 39217.2269475596 39217.2269475596
38930.7862612804 38930.7862612804 38930.7862612804 38930.7862612804
37938.3556251335 37938.3556251335 37938.3556251335 37938.3556251335
38515.8548091071 38515.8548091071 38515.8548091071 38515.8548091071
38980.5392022902 38980.5392022902 38980.5392022902 38980.5392022902
39861.5871404051 39861.5871404051 39861.5871404051 39861.5871404051
40244.0426424834 40244.0426424834 40244.0426424834 40244.0426424834
39075.7313152971 39075.7313152971 39075.7313152971 39075.7313152971
39106.0922730195 39106.0922730195 39106.0922730195 39106.0922730195
39313.1802675219 39313.1802675219 39313.1802675219 39313.1802675219
40164.2171381731 40164.2171381731 40164.2171381731 40164.2171381731
41087.1322532115 41087.1322532115 41087.1322532115 41087.1322532115
40938.0720583052 40938.0720583052 40938.0720583052 40938.0720583052
40089.6272946153 40089.6272946153 40089.6272946153 40089.6272946153
39897.5516773493 39897.5516773493 39897.5516773493 39897.5516773493
39726.6850462352 39726.6850462352 39726.6850462352 39726.6850462352
40472.1438716203 40472.1438716203 40472.1438716203 40472.1438716203
41249.967641779 41249.967641779 41249.967641779 41249.967641779
41891.953468821 41891.953468821 41891.953468821 41891.953468821
41778.046503262 41778.046503262 41778.046503262 41778.046503262
40890.0284161275 40890.0284161275 40890.0284161275 40890.0284161275
42258.8957115613 42258.8957115613 42258.8957115613 42258.8957115613
41369.961578958 41369.961578958 41369.961578958 41369.961578958
41827.7285492785 41827.7285492785 41827.7285492785 41827.7285492785
42877.5953619303 42877.5953619303 42877.5953619303 42877.5953619303
42868.5062716565 42868.5062716565 42868.5062716565 42868.5062716565
42786.9924905899 42786.9924905899 42786.9924905899 42786.9924905899
41702.5246432843 41702.5246432843 41702.5246432843 41702.5246432843
42001.8093126827 42001.8093126827 42001.8093126827 42001.8093126827
41921.141274422 41921.141274422 41921.141274422 41921.141274422
41179.0400635162 41179.0400635162 41179.0400635162 41179.0400635162
41109.8839413378 41109.8839413378 41109.8839413378 41109.8839413378
40610.9606799643 40610.9606799643 40610.9606799643 40610.9606799643
40679.6631836268 40679.6631836268 40679.6631836268 40679.6631836268
40525.6296318385 40525.6296318385 40525.6296318385 40525.6296318385
41682.1474739419 41682.1474739419 41682.1474739419 41682.1474739419
42279.1844356668 42279.1844356668 42279.1844356668 42279.1844356668
43982.8665146544 43982.8665146544 43982.8665146544 43982.8665146544
44386.990506334 44386.990506334 44386.990506334 44386.990506334
44016.0304132056 44016.0304132056 44016.0304132056 44016.0304132056
43658.8467711882 43658.8467711882 43658.8467711882 43658.8467711882
44515.1301074183 44515.1301074183 44515.1301074183 44515.1301074183
45322.0862663431 45322.0862663431 45322.0862663431 45322.0862663431
45076.3800230525 45076.3800230525 45076.3800230525 45076.3800230525
45629.3225412372 45629.3225412372 45629.3225412372 45629.3225412372
45909.9487740648 45909.9487740648 45909.9487740648 45909.9487740648
45643.74397401 45643.74397401 45643.74397401 45643.74397401
44729.6174913924 44729.6174913924 44729.6174913924 44729.6174913924
44291.5972929525 44291.5972929525 44291.5972929525 44291.5972929525
44696.2490922379 44696.2490922379 44696.2490922379 44696.2490922379
44699.093575478 44699.093575478 44699.093575478 44699.093575478
43360.5655812528 43360.5655812528 43360.5655812528 43360.5655812528
43414.2678152256 43414.2678152256 43414.2678152256 43414.2678152256
42762.5121203358 42762.5121203358 42762.5121203358 42762.5121203358
43192.107440756 43192.107440756 43192.107440756 43192.107440756
44063.3497267401 44063.3497267401 44063.3497267401 44063.3497267401
44570.8755112265 44570.8755112265 44570.8755112265 44570.8755112265
44717.0147932549 44717.0147932549 44717.0147932549 44717.0147932549
44323.5289457372 44323.5289457372 44323.5289457372 44323.5289457372
44924.1263281107 44924.1263281107 44924.1263281107 44924.1263281107
45533.6229463494 45533.6229463494 45533.6229463494 45533.6229463494
46283.4375320646 46283.4375320646 46283.4375320646 46283.4375320646
45597.0239377271 45597.0239377271 45597.0239377271 45597.0239377271
45291.3267722734 45291.3267722734 45291.3267722734 45291.3267722734
44383.4655477891 44383.4655477891 44383.4655477891 44383.4655477891
44139.4702681407 44139.4702681407 44139.4702681407 44139.4702681407
44184.8549530783 44184.8549530783 44184.8549530783 44184.8549530783
44023.6971465153 44023.6971465153 44023.6971465153 44023.6971465153
44795.5790500169 44795.5790500169 44795.5790500169 44795.5790500169
45278.0145922583 45278.0145922583 45278.0145922583 45278.0145922583
44879.6005026677 44879.6005026677 44879.6005026677 44879.6005026677
45062.8568243814 45062.8568243814 45062.8568243814 45062.8568243814
46261.2016510433 46261.2016510433 46261.2016510433 46261.2016510433
45615.480843535 45615.480843535 45615.480843535 45615.480843535
46090.2022304655 46090.2022304655 46090.2022304655 46090.2022304655
45002.2146477217 45002.2146477217 45002.2146477217 45002.2146477217
46394.9571047234 46394.9571047234 46394.9571047234 46394.9571047234
46178.6600512091 46178.6600512091 46178.6600512091 46178.6600512091
46342.5650470663 46342.5650470663 46342.5650470663 46342.5650470663
45932.9592577248 45932.9592577248 45932.9592577248 45932.9592577248
46114.0881213239 46114.0881213239 46114.0881213239 46114.0881213239
44579.57159462 44579.57159462 44579.57159462 44579.57159462
45017.7169457762 45017.7169457762 45017.7169457762 45017.7169457762
45477.0288767082 45477.0288767082 45477.0288767082 45477.0288767082
46251.1864411984 46251.1864411984 46251.1864411984 46251.1864411984
46207.792565382 46207.792565382 46207.792565382 46207.792565382
46212.5900964808 46212.5900964808 46212.5900964808 46212.5900964808
46323.7601848863 46323.7601848863 46323.7601848863 46323.7601848863
44910.8907795517 44910.8907795517 44910.8907795517 44910.8907795517
45883.706852736 45883.706852736 45883.706852736 45883.706852736
45397.4131784174 45397.4131784174 45397.4131784174 45397.4131784174
45279.1566743527 45279.1566743527 45279.1566743527 45279.1566743527
46038.276935067 46038.276935067 46038.276935067 46038.276935067
45327.2298252807 45327.2298252807 45327.2298252807 45327.2298252807
45878.5239274643 45878.5239274643 45878.5239274643 45878.5239274643
45803.3682667547 45803.3682667547 45803.3682667547 45803.3682667547
46287.5075929738 46287.5075929738 46287.5075929738 46287.5075929738
45884.4091283708 45884.4091283708 45884.4091283708 45884.4091283708
44970.5992275021 44970.5992275021 44970.5992275021 44970.5992275021
45061.9597847785 45061.9597847785 45061.9597847785 45061.9597847785
44165.050255767 44165.050255767 44165.050255767 44165.050255767
44942.6689966204 44942.6689966204 44942.6689966204 44942.6689966204
44316.2336524199 44316.2336524199 44316.2336524199 44316.2336524199
44032.9241267264 44032.9241267264 44032.9241267264 44032.9241267264
43761.9832348341 43761.9832348341 43761.9832348341 43761.9832348341
44375.3326564751 44375.3326564751 44375.3326564751 44375.3326564751
44434.8690387835 44434.8690387835 44434.8690387835 44434.8690387835
44627.1193231904 44627.1193231904 44627.1193231904 44627.1193231904
43907.6292475812 43907.6292475812 43907.6292475812 43907.6292475812
44492.7388779009 44492.7388779009 44492.7388779009 44492.7388779009
45785.4206689382 45785.4206689382 45785.4206689382 45785.4206689382
46070.2583736253 46070.2583736253 46070.2583736253 46070.2583736253
46310.3344204358 46310.3344204358 46310.3344204358 46310.3344204358
46279.3175567344 46279.3175567344 46279.3175567344 46279.3175567344
46398.3886376207 46398.3886376207 46398.3886376207 46398.3886376207
45792.5500744003 45792.5500744003 45792.5500744003 45792.5500744003
44915.2043485069 44915.2043485069 44915.2043485069 44915.2043485069
44969.5929591524 44969.5929591524 44969.5929591524 44969.5929591524
45627.5842222539 45627.5842222539 45627.5842222539 45627.5842222539
46390.0450907782 46390.0450907782 46390.0450907782 46390.0450907782
45929.8740245575 45929.8740245575 45929.8740245575 45929.8740245575
45670.4643522297 45670.4643522297 45670.4643522297 45670.4643522297
44773.832945778 44773.832945778 44773.832945778 44773.832945778
45075.7352942014 45075.7352942014 45075.7352942014 45075.7352942014
46026.0006931921 46026.0006931921 46026.0006931921 46026.0006931921
45516.246262461 45516.246262461 45516.246262461 45516.246262461
45033.1797499316 45033.1797499316 45033.1797499316 45033.1797499316
45079.4239094903 45079.4239094903 45079.4239094903 45079.4239094903
46007.903086983 46007.903086983 46007.903086983 46007.903086983
45939.2089806554 45939.2089806554 45939.2089806554 45939.2089806554
45243.1532434656 45243.1532434656 45243.1532434656 45243.1532434656
45764.4575712026 45764.4575712026 45764.4575712026 45764.4575712026
46233.1978800146 46233.1978800146 46233.1978800146 46233.1978800146
45484.9180254719 45484.9180254719 45484.9180254719 45484.9180254719
46002.5175399988 46002.5175399988 46002.5175399988 46002.5175399988
45587.5603886368 45587.5603886368 45587.5603886368 45587.5603886368
46217.72640109 46217.72640109 46217.72640109 46217.72640109
45747.7413178013 45747.7413178013 45747.7413178013 45747.7413178013
46245.3628987239 46245.3628987239 46245.3628987239 46245.3628987239
45763.174315841 45763.174315841 45763.174315841 45763.174315841
45528.7899510227 45528.7899510227 45528.7899510227 45528.7899510227
45425.1964937695 45425.1964937695 45425.1964937695 45425.1964937695
45341.640155882 45341.640155882 45341.640155882 45341.640155882
46061.008073203 46061.008073203 46061.008073203 46061.008073203
46026.6095681272 46026.6095681272 46026.6095681272 46026.6095681272
45738.1275823172 45738.1275823172 45738.1275823172 45738.1275823172
44184.8429662564 44184.8429662564 44184.8429662564 44184.8429662564
42868.9653136485 42868.9653136485 42868.9653136485 42868.9653136485
43230.8723911863 43230.8723911863 43230.8723911863 43230.8723911863
40939.168903393 40939.168903393 40939.168903393 40939.168903393
40063.8433769967 40063.8433769967 40063.8433769967 40063.8433769967
40685.260836534 40685.260836534 40685.260836534 40685.260836534
40685.8021750112 40685.8021750112 40685.8021750112 40685.8021750112
41343.2272908336 41343.2272908336 41343.2272908336 41343.2272908336
41109.5591529521 41109.5591529521 41109.5591529521 41109.5591529521
40257.8927824991 40257.8927824991 40257.8927824991 40257.8927824991
39804.5344640008 39804.5344640008 39804.5344640008 39804.5344640008
39206.0845078969 39206.0845078969 39206.0845078969 39206.0845078969
39990.6846217678 39990.6846217678 39990.6846217678 39990.6846217678
39960.3178888536 39960.3178888536 39960.3178888536 39960.3178888536
38927.773409206 38927.773409206 38927.773409206 38927.773409206
39782.5700696113 39782.5700696113 39782.5700696113 39782.5700696113
39767.0311596797 39767.0311596797 39767.0311596797 39767.0311596797
38588.9594049592 38588.9594049592 38588.9594049592 38588.9594049592
38789.2220955461 38789.2220955461 38789.2220955461 38789.2220955461
38338.8740081021 38338.8740081021 38338.8740081021 38338.8740081021
39007.2507008834 39007.2507008834 39007.2507008834 39007.2507008834
39495.851728045 39495.851728045 39495.851728045 39495.851728045
39514.5723119391 39514.5723119391 39514.5723119391 39514.5723119391
40602.2735003146 40602.2735003146 40602.2735003146 40602.2735003146
40780.8306486656 40780.8306486656 40780.8306486656 40780.8306486656
41306.5363687744 41306.5363687744 41306.5363687744 41306.5363687744
40498.5100808674 40498.5100808674 40498.5100808674 40498.5100808674
39490.555444947 39490.555444947 39490.555444947 39490.555444947
38706.5444750684 38706.5444750684 38706.5444750684 38706.5444750684
39095.7946819129 39095.7946819129 39095.7946819129 39095.7946819129
39829.4822803929 39829.4822803929 39829.4822803929 39829.4822803929
39506.7558055929 39506.7558055929 39506.7558055929 39506.7558055929
40195.5067260482 40195.5067260482 40195.5067260482 40195.5067260482
38888.9048774173 38888.9048774173 38888.9048774173 38888.9048774173
39227.186004716 39227.186004716 39227.186004716 39227.186004716
38278.4692069703 38278.4692069703 38278.4692069703 38278.4692069703
38441.081605517 38441.081605517 38441.081605517 38441.081605517
38504.8058151604 38504.8058151604 38504.8058151604 38504.8058151604
39309.748301686 39309.748301686 39309.748301686 39309.748301686
39895.2505759689 39895.2505759689 39895.2505759689 39895.2505759689
39176.202931092 39176.202931092 39176.202931092 39176.202931092
39129.6965860405 39129.6965860405 39129.6965860405 39129.6965860405
38081.9147715829 38081.9147715829 38081.9147715829 38081.9147715829
39269.8214958892 39269.8214958892 39269.8214958892 39269.8214958892
38604.5666576125 38604.5666576125 38604.5666576125 38604.5666576125
38267.1801264711 38267.1801264711 38267.1801264711 38267.1801264711
39184.2903981048 39184.2903981048 39184.2903981048 39184.2903981048
41039.4638463028 41039.4638463028 41039.4638463028 41039.4638463028
41286.6809701796 41286.6809701796 41286.6809701796 41286.6809701796
41428.1497998988 41428.1497998988 41428.1497998988 41428.1497998988
42038.8397425246 42038.8397425246 42038.8397425246 42038.8397425246
41993.9397719684 41993.9397719684 41993.9397719684 41993.9397719684
43358.1435762376 43358.1435762376 43358.1435762376 43358.1435762376
44564.373282902 44564.373282902 44564.373282902 44564.373282902
43413.9582362483 43413.9582362483 43413.9582362483 43413.9582362483
44423.6774366661 44423.6774366661 44423.6774366661 44423.6774366661
43558.4916973835 43558.4916973835 43558.4916973835 43558.4916973835
43344.6420033245 43344.6420033245 43344.6420033245 43344.6420033245
43541.629234051 43541.629234051 43541.629234051 43541.629234051
43184.3920146649 43184.3920146649 43184.3920146649 43184.3920146649
43406.0865289532 43406.0865289532 43406.0865289532 43406.0865289532
42879.8573248554 42879.8573248554 42879.8573248554 42879.8573248554
42503.073230766 42503.073230766 42503.073230766 42503.073230766
42524.4892045393 42524.4892045393 42524.4892045393 42524.4892045393
41884.3390936493 41884.3390936493 41884.3390936493 41884.3390936493
41422.5514423954 41422.5514423954 41422.5514423954 41422.5514423954
41696.6788069422 41696.6788069422 41696.6788069422 41696.6788069422
42236.4881980088 42236.4881980088 42236.4881980088 42236.4881980088
42766.788958901 42766.788958901 42766.788958901 42766.788958901
42936.767345135 42936.767345135 42936.767345135 42936.767345135
44069.2289070622 44069.2289070622 44069.2289070622 44069.2289070622
43087.4811249247 43087.4811249247 43087.4811249247 43087.4811249247
43254.7049274592 43254.7049274592 43254.7049274592 43254.7049274592
43332.8914071544 43332.8914071544 43332.8914071544 43332.8914071544
44334.6372190415 44334.6372190415 44334.6372190415 44334.6372190415
45409.4201812745 45409.4201812745 45409.4201812745 45409.4201812745
44903.9097205577 44903.9097205577 44903.9097205577 44903.9097205577
45423.9729924534 45423.9729924534 45423.9729924534 45423.9729924534
44891.2561308083 44891.2561308083 44891.2561308083 44891.2561308083
45053.422872228 45053.422872228 45053.422872228 45053.422872228
45463.6425695367 45463.6425695367 45463.6425695367 45463.6425695367
45429.0636211466 45429.0636211466 45429.0636211466 45429.0636211466
45910.208173601 45910.208173601 45910.208173601 45910.208173601
46285.0516487264 46285.0516487264 46285.0516487264 46285.0516487264
45750.7853314579 45750.7853314579 45750.7853314579 45750.7853314579
46248.2058756136 46248.2058756136 46248.2058756136 46248.2058756136
45156.6909003246 45156.6909003246 45156.6909003246 45156.6909003246
45838.7072176055 45838.7072176055 45838.7072176055 45838.7072176055
44965.3230655796 44965.3230655796 44965.3230655796 44965.3230655796
44311.0624626851 44311.0624626851 44311.0624626851 44311.0624626851
45037.999546775 45037.999546775 45037.999546775 45037.999546775
44910.0356433171 44910.0356433171 44910.0356433171 44910.0356433171
45789.6869056565 45789.6869056565 45789.6869056565 45789.6869056565
45262.3937579763 45262.3937579763 45262.3937579763 45262.3937579763
46279.7380082367 46279.7380082367 46279.7380082367 46279.7380082367
45880.9568113001 45880.9568113001 45880.9568113001 45880.9568113001
46154.0731848491 46154.0731848491 46154.0731848491 46154.0731848491
45198.0706501032 45198.0706501032 45198.0706501032 45198.0706501032
45107.0168163081 45107.0168163081 45107.0168163081 45107.0168163081
44742.0686653591 44742.0686653591 44742.0686653591 44742.0686653591
44598.4660832194 44598.4660832194 44598.4660832194 44598.4660832194
45115.8245875557 45115.8245875557 45115.8245875557 45115.8245875557
45614.3538188633 45614.3538188633 45614.3538188633 45614.3538188633
44019.1781277397 44019.1781277397 44019.1781277397 44019.1781277397
44236.5702887286 44236.5702887286 44236.5702887286 44236.5702887286
44931.4763946512 44931.4763946512 44931.4763946512 44931.4763946512
44503.6371172593 44503.6371172593 44503.6371172593 44503.6371172593
44624.2066198775 44624.2066198775 44624.2066198775 44624.2066198775
44297.7630841096 44297.7630841096 44297.7630841096 44297.7630841096
44801.2894243613 44801.2894243613 44801.2894243613 44801.2894243613
44631.5086502375 44631.5086502375 44631.5086502375 44631.5086502375
44691.7566217463 44691.7566217463 44691.7566217463 44691.7566217463
44123.3935939979 44123.3935939979 44123.3935939979 44123.3935939979
44168.7606278542 44168.7606278542 44168.7606278542 44168.7606278542
43931.8600039084 43931.8600039084 43931.8600039084 43931.8600039084
44659.6599109375 44659.6599109375 44659.6599109375 44659.6599109375
44657.0238659525 44657.0238659525 44657.0238659525 44657.0238659525
46201.3249415674 46201.3249415674 46201.3249415674 46201.3249415674
46389.9890996978 46389.9890996978 46389.9890996978 46389.9890996978
45402.8926287192 45402.8926287192 45402.8926287192 45402.8926287192
45357.8877792459 45357.8877792459 45357.8877792459 45357.8877792459
45619.5712852781 45619.5712852781 45619.5712852781 45619.5712852781
46193.5976687302 46193.5976687302 46193.5976687302 46193.5976687302
45539.374918496 45539.374918496 45539.374918496 45539.374918496
46191.8654238744 46191.8654238744 46191.8654238744 46191.8654238744
46169.5495790969 46169.5495790969 46169.5495790969 46169.5495790969
46331.2310176604 46331.2310176604 46331.2310176604 46331.2310176604
46359.3700727344 46359.3700727344 46359.3700727344 46359.3700727344
45400.3945843106 45400.3945843106 45400.3945843106 45400.3945843106
45981.6569326272 45981.6569326272 45981.6569326272 45981.6569326272
46200.760149314 46200.760149314 46200.760149314 46200.760149314
45357.1821100196 45357.1821100196 45357.1821100196 45357.1821100196
45523.4114343877 45523.4114343877 45523.4114343877 45523.4114343877
45654.3205162229 45654.3205162229 45654.3205162229 45654.3205162229
45690.6321218485 45690.6321218485 45690.6321218485 45690.6321218485
46173.0646755338 46173.0646755338 46173.0646755338 46173.0646755338
46317.4133876357 46317.4133876357 46317.4133876357 46317.4133876357
45886.0085664779 45886.0085664779 45886.0085664779 45886.0085664779
45192.6801900382 45192.6801900382 45192.6801900382 45192.6801900382
44036.1316248954 44036.1316248954 44036.1316248954 44036.1316248954
43921.1183851095 43921.1183851095 43921.1183851095 43921.1183851095
42612.9313097548 42612.9313097548 42612.9313097548 42612.9313097548
41573.5968051166 41573.5968051166 41573.5968051166 41573.5968051166
42213.7909563627 42213.7909563627 42213.7909563627 42213.7909563627
43258.1008340129 43258.1008340129 43258.1008340129 43258.1008340129
42861.2884678742 42861.2884678742 42861.2884678742 42861.2884678742
42876.7117356622 42876.7117356622 42876.7117356622 42876.7117356622
42641.1855558861 42641.1855558861 42641.1855558861 42641.1855558861
42702.4914455747 42702.4914455747 42702.4914455747 42702.4914455747
41923.2144250671 41923.2144250671 41923.2144250671 41923.2144250671
42988.361242259 42988.361242259 42988.361242259 42988.361242259
42107.1716154568 42107.1716154568 42107.1716154568 42107.1716154568
42647.4275159365 42647.4275159365 42647.4275159365 42647.4275159365
41652.7208595469 41652.7208595469 41652.7208595469 41652.7208595469
40133.8482472905 40133.8482472905 40133.8482472905 40133.8482472905
40619.7656932251 40619.7656932251 40619.7656932251 40619.7656932251
41020.6744863958 41020.6744863958 41020.6744863958 41020.6744863958
40893.8380353617 40893.8380353617 40893.8380353617 40893.8380353617
41253.5331403909 41253.5331403909 41253.5331403909 41253.5331403909
41314.2612970329 41314.2612970329 41314.2612970329 41314.2612970329
41852.2538119215 41852.2538119215 41852.2538119215 41852.2538119215
43770.8087611066 43770.8087611066 43770.8087611066 43770.8087611066
42640.6957993865 42640.6957993865 42640.6957993865 42640.6957993865
41566.7210702354 41566.7210702354 41566.7210702354 41566.7210702354
41668.7474858512 41668.7474858512 41668.7474858512 41668.7474858512
41381.2625933457 41381.2625933457 41381.2625933457 41381.2625933457
41892.552042314 41892.552042314 41892.552042314 41892.552042314
41155.9712395025 41155.9712395025 41155.9712395025 41155.9712395025
41818.7089581364 41818.7089581364 41818.7089581364 41818.7089581364
40572.8586541375 40572.8586541375 40572.8586541375 40572.8586541375
40031.1655054614 40031.1655054614 40031.1655054614 40031.1655054614
38973.0185701638 38973.0185701638 38973.0185701638 38973.0185701638
40360.9889530172 40360.9889530172 40360.9889530172 40360.9889530172
41004.3212010792 41004.3212010792 41004.3212010792 41004.3212010792
40625.9003502308 40625.9003502308 40625.9003502308 40625.9003502308
41205.442380807 41205.442380807 41205.442380807 41205.442380807
40806.5795261488 40806.5795261488 40806.5795261488 40806.5795261488
41178.5321839621 41178.5321839621 41178.5321839621 41178.5321839621
42052.1028540984 42052.1028540984 42052.1028540984 42052.1028540984
42526.6476343277 42526.6476343277 42526.6476343277 42526.6476343277
41445.2836378856 41445.2836378856 41445.2836378856 41445.2836378856
40638.7796804635 40638.7796804635 40638.7796804635 40638.7796804635
41042.3779878583 41042.3779878583 41042.3779878583 41042.3779878583
41855.0741897851 41855.0741897851 41855.0741897851 41855.0741897851
42550.8091453777 42550.8091453777 42550.8091453777 42550.8091453777
42858.9801634003 42858.9801634003 42858.9801634003 42858.9801634003
42835.8726382417 42835.8726382417 42835.8726382417 42835.8726382417
43191.8411734304 43191.8411734304 43191.8411734304 43191.8411734304
42945.7495244793 42945.7495244793 42945.7495244793 42945.7495244793
42937.6506844579 42937.6506844579 42937.6506844579 42937.6506844579
43314.7298523742 43314.7298523742 43314.7298523742 43314.7298523742
43022.9092360855 43022.9092360855 43022.9092360855 43022.9092360855
43877.7687133678 43877.7687133678 43877.7687133678 43877.7687133678
44045.754082786 44045.754082786 44045.754082786 44045.754082786
45027.8275951622 45027.8275951622 45027.8275951622 45027.8275951622
44851.7864663866 44851.7864663866 44851.7864663866 44851.7864663866
44584.7145624177 44584.7145624177 44584.7145624177 44584.7145624177
45292.4335536892 45292.4335536892 45292.4335536892 45292.4335536892
45735.1478077975 45735.1478077975 45735.1478077975 45735.1478077975
45833.423261427 45833.423261427 45833.423261427 45833.423261427
45451.6855724177 45451.6855724177 45451.6855724177 45451.6855724177
44432.2882732745 44432.2882732745 44432.2882732745 44432.2882732745
44326.5341739866 44326.5341739866 44326.5341739866 44326.5341739866
43641.9595033239 43641.9595033239 43641.9595033239 43641.9595033239
43121.0167391238 43121.0167391238 43121.0167391238 43121.0167391238
43027.4395649384 43027.4395649384 43027.4395649384 43027.4395649384
43241.9975478787 43241.9975478787 43241.9975478787 43241.9975478787
42567.9114016364 42567.9114016364 42567.9114016364 42567.9114016364
42461.484876357 42461.484876357 42461.484876357 42461.484876357
40378.7066496823 40378.7066496823 40378.7066496823 40378.7066496823
39747.8073022823 39747.8073022823 39747.8073022823 39747.8073022823
40283.0530467208 40283.0530467208 40283.0530467208 40283.0530467208
38916.5960952935 38916.5960952935 38916.5960952935 38916.5960952935
37861.3036540558 37861.3036540558 37861.3036540558 37861.3036540558
37000.3407616525 37000.3407616525 37000.3407616525 37000.3407616525
36902.3500612455 36902.3500612455 36902.3500612455 36902.3500612455
37010.049092264 37010.049092264 37010.049092264 37010.049092264
36048.0752169564 36048.0752169564 36048.0752169564 36048.0752169564
36518.8332671808 36518.8332671808 36518.8332671808 36518.8332671808
36352.162743638 36352.162743638 36352.162743638 36352.162743638
36060.0080653561 36060.0080653561 36060.0080653561 36060.0080653561
35644.3693927839 35644.3693927839 35644.3693927839 35644.3693927839
35766.9043530061 35766.9043530061 35766.9043530061 35766.9043530061
36085.4988364198 36085.4988364198 36085.4988364198 36085.4988364198
35870.9902288139 35870.9902288139 35870.9902288139 35870.9902288139
36244.3059799257 36244.3059799257 36244.3059799257 36244.3059799257
36919.306798701 36919.306798701 36919.306798701 36919.306798701
36809.8720476613 36809.8720476613 36809.8720476613 36809.8720476613
36429.7753418375 36429.7753418375 36429.7753418375 36429.7753418375
36312.3900270664 36312.3900270664 36312.3900270664 36312.3900270664
38176.7567326453 38176.7567326453 38176.7567326453 38176.7567326453
38454.8677989504 38454.8677989504 38454.8677989504 38454.8677989504
38905.6715864862 38905.6715864862 38905.6715864862 38905.6715864862
38495.9576079157 38495.9576079157 38495.9576079157 38495.9576079157
38865.9494872639 38865.9494872639 38865.9494872639 38865.9494872639
38478.6812446677 38478.6812446677 38478.6812446677 38478.6812446677
39034.5290104979 39034.5290104979 39034.5290104979 39034.5290104979
38855.8243165151 38855.8243165151 38855.8243165151 38855.8243165151
38646.6381223613 38646.6381223613 38646.6381223613 38646.6381223613
38524.2277149255 38524.2277149255 38524.2277149255 38524.2277149255
38109.723096553 38109.723096553 38109.723096553 38109.723096553
37733.3702199532 37733.3702199532 37733.3702199532 37733.3702199532
37203.1178033712 37203.1178033712 37203.1178033712 37203.1178033712
36652.0596071487 36652.0596071487 36652.0596071487 36652.0596071487
36906.3476329606 36906.3476329606 36906.3476329606 36906.3476329606
36287.6618169322 36287.6618169322 36287.6618169322 36287.6618169322
36602.2374459087 36602.2374459087 36602.2374459087 36602.2374459087
35602.9073574388 35602.9073574388 35602.9073574388 35602.9073574388
35253.7686814999 35253.7686814999 35253.7686814999 35253.7686814999
36585.9043874229 36585.9043874229 36585.9043874229 36585.9043874229
35974.2198289855 35974.2198289855 35974.2198289855 35974.2198289855
35726.6398997052 35726.6398997052 35726.6398997052 35726.6398997052
35992.5481751875 35992.5481751875 35992.5481751875 35992.5481751875
35698.7589181098 35698.7589181098 35698.7589181098 35698.7589181098
36882.3663345674 36882.3663345674 36882.3663345674 36882.3663345674
36485.5323439696 36485.5323439696 36485.5323439696 36485.5323439696
36678.6870275356 36678.6870275356 36678.6870275356 36678.6870275356
37039.4780873025 37039.4780873025 37039.4780873025 37039.4780873025
36340.2348644627 36340.2348644627 36340.2348644627 36340.2348644627
37323.4488658671 37323.4488658671 37323.4488658671 37323.4488658671
38268.053537859 38268.053537859 38268.053537859 38268.053537859
37907.4984258929 37907.4984258929 37907.4984258929 37907.4984258929
38206.8580086377 38206.8580086377 38206.8580086377 38206.8580086377
37042.0558216768 37042.0558216768 37042.0558216768 37042.0558216768
37423.7842161832 37423.7842161832 37423.7842161832 37423.7842161832
37703.6469833742 37703.6469833742 37703.6469833742 37703.6469833742
36753.7179229538 36753.7179229538 36753.7179229538 36753.7179229538
37238.2668130716 37238.2668130716 37238.2668130716 37238.2668130716
37079.4421431499 37079.4421431499 37079.4421431499 37079.4421431499
38199.4171763995 38199.4171763995 38199.4171763995 38199.4171763995
37871.2755517037 37871.2755517037 37871.2755517037 37871.2755517037
36787.4345858049 36787.4345858049 36787.4345858049 36787.4345858049
36137.7185477212 36137.7185477212 36137.7185477212 36137.7185477212
35789.8540396825 35789.8540396825 35789.8540396825 35789.8540396825
36335.8217370393 36335.8217370393 36335.8217370393 36335.8217370393
36346.0787220584 36346.0787220584 36346.0787220584 36346.0787220584
35388.8435276 35388.8435276 35388.8435276 35388.8435276
34843.510467524 34843.510467524 34843.510467524 34843.510467524
34586.825890809 34586.825890809 34586.825890809 34586.825890809
35902.5280313707 35902.5280313707 35902.5280313707 35902.5280313707
35066.1655599408 35066.1655599408 35066.1655599408 35066.1655599408
35551.504018722 35551.504018722 35551.504018722 35551.504018722
36439.7943402282 36439.7943402282 36439.7943402282 36439.7943402282
35580.0753227807 35580.0753227807 35580.0753227807 35580.0753227807
36162.8309796977 36162.8309796977 36162.8309796977 36162.8309796977
36166.6411546767 36166.6411546767 36166.6411546767 36166.6411546767
35784.2889817019 35784.2889817019 35784.2889817019 35784.2889817019
34664.9478259495 34664.9478259495 34664.9478259495 34664.9478259495
34928.359014347 34928.359014347 34928.359014347 34928.359014347
35112.8672241216 35112.8672241216 35112.8672241216 35112.8672241216
35956.7562617579 35956.7562617579 35956.7562617579 35956.7562617579
35377.4227452298 35377.4227452298 35377.4227452298 35377.4227452298
34633.9203330243 34633.9203330243 34633.9203330243 34633.9203330243
34338.5066663559 34338.5066663559 34338.5066663559 34338.5066663559
33711.3520473848 33711.3520473848 33711.3520473848 33711.3520473848
34100.7511728416 34100.7511728416 34100.7511728416 34100.7511728416
33655.3748877991 33655.3748877991 33655.3748877991 33655.3748877991
34452.2386485267 34452.2386485267 34452.2386485267 34452.2386485267
34916.74674418 34916.74674418 34916.74674418 34916.74674418
34704.345629266 34704.345629266 34704.345629266 34704.345629266
35589.3955640629 35589.3955640629 35589.3955640629 35589.3955640629
35790.906118013 35790.906118013 35790.906118013 35790.906118013
36206.1660585889 36206.1660585889 36206.1660585889 36206.1660585889
35550.7062420832 35550.7062420832 35550.7062420832 35550.7062420832
35997.425477254 35997.425477254 35997.425477254 35997.425477254
36693.955435494 36693.955435494 36693.955435494 36693.955435494
36018.6232318107 36018.6232318107 36018.6232318107 36018.6232318107
36305.3211777591 36305.3211777591 36305.3211777591 36305.3211777591
36403.4446113744 36403.4446113744 36403.4446113744 36403.4446113744
37085.109822819 37085.109822819 37085.109822819 37085.109822819
38457.0382740164 38457.0382740164 38457.0382740164 38457.0382740164
38410.5844778738 38410.5844778738 38410.5844778738 38410.5844778738
37280.2346632926 37280.2346632926 37280.2346632926 37280.2346632926
36995.9255107021 36995.9255107021 36995.9255107021 36995.9255107021
37188.4018776041 37188.4018776041 37188.4018776041 37188.4018776041
37516.4484782959 37516.4484782959 37516.4484782959 37516.4484782959
37871.4119989352 37871.4119989352 37871.4119989352 37871.4119989352
37799.3025356882 37799.3025356882 37799.3025356882 37799.3025356882
36866.3546446868 36866.3546446868 36866.3546446868 36866.3546446868
37413.5483833336 37413.5483833336 37413.5483833336 37413.5483833336
37891.6452461054 37891.6452461054 37891.6452461054 37891.6452461054
37381.0959864166 37381.0959864166 37381.0959864166 37381.0959864166
36386.2593500029 36386.2593500029 36386.2593500029 36386.2593500029
37154.7025340929 37154.7025340929 37154.7025340929 37154.7025340929
36626.3198428698 36626.3198428698 36626.3198428698 36626.3198428698
35917.0652403179 35917.0652403179 35917.0652403179 35917.0652403179
36594.4556077086 36594.4556077086 36594.4556077086 36594.4556077086
36905.8199889946 36905.8199889946 36905.8199889946 36905.8199889946
35272.2500556414 35272.2500556414 35272.2500556414 35272.2500556414
35565.9733019199 35565.9733019199 35565.9733019199 35565.9733019199
34514.3098521454 34514.3098521454 34514.3098521454 34514.3098521454
34152.9750769529 34152.9750769529 34152.9750769529 34152.9750769529
33041.1297760545 33041.1297760545 33041.1297760545 33041.1297760545
32628.3007012433 32628.3007012433 32628.3007012433 32628.3007012433
31654.4715824218 31654.4715824218 31654.4715824218 31654.4715824218
31510.7685834896 31510.7685834896 31510.7685834896 31510.7685834896
30846.9822158784 30846.9822158784 30846.9822158784 30846.9822158784
30875.0928401181 30875.0928401181 30875.0928401181 30875.0928401181
30343.6568927949 30343.6568927949 30343.6568927949 30343.6568927949
29839.3844360225 29839.3844360225 29839.3844360225 29839.3844360225
29872.4827182413 29872.4827182413 29872.4827182413 29872.4827182413
30188.4710593438 30188.4710593438 30188.4710593438 30188.4710593438
29987.812107846 29987.812107846 29987.812107846 29987.812107846
29205.3106428695 29205.3106428695 29205.3106428695 29205.3106428695
29998.7625347683 29998.7625347683 29998.7625347683 29998.7625347683
30273.8588676725 30273.8588676725 30273.8588676725 30273.8588676725
30105.196282494 30105.196282494 30105.196282494 30105.196282494
30294.7828046731 30294.7828046731 30294.7828046731 30294.7828046731
30463.0935293545 30463.0935293545 30463.0935293545 30463.0935293545
29844.0466157417 29844.0466157417 29844.0466157417 29844.0466157417
30635.8127620025 30635.8127620025 30635.8127620025 30635.8127620025
31426.6895345744 31426.6895345744 31426.6895345744 31426.6895345744
30936.7094896823 30936.7094896823 30936.7094896823 30936.7094896823
30833.102184279 30833.102184279 30833.102184279 30833.102184279
31841.7622753757 31841.7622753757 31841.7622753757 31841.7622753757
32538.5666419848 32538.5666419848 32538.5666419848 32538.5666419848
31674.5380032971 31674.5380032971 31674.5380032971 31674.5380032971
32421.7622029633 32421.7622029633 32421.7622029633 32421.7622029633
31989.002627562 31989.002627562 31989.002627562 31989.002627562
31698.7216747793 31698.7216747793 31698.7216747793 31698.7216747793
32309.4517658861 32309.4517658861 32309.4517658861 32309.4517658861
32867.480924284 32867.480924284 32867.480924284 32867.480924284
34121.9590787813 34121.9590787813 34121.9590787813 34121.9590787813
33555.1360266903 33555.1360266903 33555.1360266903 33555.1360266903
33057.2603415659 33057.2603415659 33057.2603415659 33057.2603415659
35002.0656877426 35002.0656877426 35002.0656877426 35002.0656877426
34675.8499857963 34675.8499857963 34675.8499857963 34675.8499857963
34385.6693580129 34385.6693580129 34385.6693580129 34385.6693580129
33930.3970076303 33930.3970076303 33930.3970076303 33930.3970076303
33939.4518722783 33939.4518722783 33939.4518722783 33939.4518722783
33772.614475173 33772.614475173 33772.614475173 33772.614475173
33857.1556174307 33857.1556174307 33857.1556174307 33857.1556174307
33964.8552941349 33964.8552941349 33964.8552941349 33964.8552941349
34073.3614107609 34073.3614107609 34073.3614107609 34073.3614107609
34472.7344298548 34472.7344298548 34472.7344298548 34472.7344298548
33568.2768729483 33568.2768729483 33568.2768729483 33568.2768729483
34470.0610318673 34470.0610318673 34470.0610318673 34470.0610318673
34455.0656966105 34455.0656966105 34455.0656966105 34455.0656966105
34903.3845536098 34903.3845536098 34903.3845536098 34903.3845536098
35195.0976673451 35195.0976673451 35195.0976673451 35195.0976673451
35612.4296424966 35612.4296424966 35612.4296424966 35612.4296424966
35480.1772656938 35480.1772656938 35480.1772656938 35480.1772656938
35580.2323645473 35580.2323645473 35580.2323645473 35580.2323645473
36082.896748168 36082.896748168 36082.896748168 36082.896748168
36166.3972316002 36166.3972316002 36166.3972316002 36166.3972316002
34880.1671316462 34880.1671316462 34880.1671316462 34880.1671316462
34621.7014826726 34621.7014826726 34621.7014826726 34621.7014826726
35074.7824100648 35074.7824100648 35074.7824100648 35074.7824100648
34858.6233544924 34858.6233544924 34858.6233544924 34858.6233544924
34643.9223820471 34643.9223820471 34643.9223820471 34643.9223820471
34272.6008654063 34272.6008654063 34272.6008654063 34272.6008654063
35512.081800068 35512.081800068 35512.081800068 35512.081800068
35305.428122497 35305.428122497 35305.428122497 35305.428122497
34986.6860028215 34986.6860028215 34986.6860028215 34986.6860028215
35579.358967062 35579.358967062 35579.358967062 35579.358967062
36314.5832335239 36314.5832335239 36314.5832335239 36314.5832335239
35718.5682672873 35718.5682672873 35718.5682672873 35718.5682672873
35478.2509082144 35478.2509082144 35478.2509082144 35478.2509082144
35270.7458034 35270.7458034 35270.7458034 35270.7458034
35336.3943569839 35336.3943569839 35336.3943569839 35336.3943569839
34965.124291758 34965.124291758 34965.124291758 34965.124291758
34159.835805556 34159.835805556 34159.835805556 34159.835805556
34134.3719912538 34134.3719912538 34134.3719912538 34134.3719912538
34511.7009124636 34511.7009124636 34511.7009124636 34511.7009124636
34694.2367606488 34694.2367606488 34694.2367606488 34694.2367606488
34330.7706195879 34330.7706195879 34330.7706195879 34330.7706195879
34305.9389673087 34305.9389673087 34305.9389673087 34305.9389673087
34726.6736286158 34726.6736286158 34726.6736286158 34726.6736286158
36036.9097193093 36036.9097193093 36036.9097193093 36036.9097193093
35570.163100711 35570.163100711 35570.163100711 35570.163100711
35768.4398256777 35768.4398256777 35768.4398256777 35768.4398256777
35494.6882914341 35494.6882914341 35494.6882914341 35494.6882914341
36256.5712351858 36256.5712351858 36256.5712351858 36256.5712351858
35956.5065487079 35956.5065487079 35956.5065487079 35956.5065487079
36334.5849765363 36334.5849765363 36334.5849765363 36334.5849765363
36777.5438224115 36777.5438224115 36777.5438224115 36777.5438224115
36833.5039381123 36833.5039381123 36833.5039381123 36833.5039381123
37596.7269174985 37596.7269174985 37596.7269174985 37596.7269174985
39038.8209482792 39038.8209482792 39038.8209482792 39038.8209482792
39419.5347541148 39419.5347541148 39419.5347541148 39419.5347541148
39784.2465582565 39784.2465582565 39784.2465582565 39784.2465582565
41234.2103736345 41234.2103736345 41234.2103736345 41234.2103736345
41718.5099822864 41718.5099822864 41718.5099822864 41718.5099822864
41722.9334792664 41722.9334792664 41722.9334792664 41722.9334792664
41574.3096113172 41574.3096113172 41574.3096113172 41574.3096113172
41144.2041160523 41144.2041160523 41144.2041160523 41144.2041160523
41338.6098471581 41338.6098471581 41338.6098471581 41338.6098471581
40825.6951292852 40825.6951292852 40825.6951292852 40825.6951292852
40186.9412203804 40186.9412203804 40186.9412203804 40186.9412203804
40278.9048823518 40278.9048823518 40278.9048823518 40278.9048823518
39722.0678965305 39722.0678965305 39722.0678965305 39722.0678965305
40422.6073862555 40422.6073862555 40422.6073862555 40422.6073862555
40818.3349976552 40818.3349976552 40818.3349976552 40818.3349976552
40465.5832148775 40465.5832148775 40465.5832148775 40465.5832148775
41675.8601390647 41675.8601390647 41675.8601390647 41675.8601390647
41504.4414683569 41504.4414683569 41504.4414683569 41504.4414683569
41228.1655114831 41228.1655114831 41228.1655114831 41228.1655114831
42242.0299347167 42242.0299347167 42242.0299347167 42242.0299347167
42474.1028690735 42474.1028690735 42474.1028690735 42474.1028690735
42459.8129085875 42459.8129085875 42459.8129085875 42459.8129085875
42401.0967011448 42401.0967011448 42401.0967011448 42401.0967011448
42878.8377690037 42878.8377690037 42878.8377690037 42878.8377690037
42978.5974746885 42978.5974746885 42978.5974746885 42978.5974746885
43787.5791924474 43787.5791924474 43787.5791924474 43787.5791924474
