527.988296898097 4549.91113722732
527.988214713966 4549.91170770783
527.988355482443 4549.91205148034
527.988472522202 4549.91119479455
527.988633380209 4549.91175021943
527.988951934264 4549.91186966677
527.988939567505 4549.91167224733
527.988621958593 4549.91178412163
527.988278048861 4549.91139364804
527.98867817612 4549.91167277231
527.988785417579 4549.9118488318
527.988959504517 4549.91123378493
527.988687213818 4549.91188810603
483.213965360277 4553.57387747919
483.213724344486 4553.57424327733
483.213947488326 4553.57362930147
483.213825516495 4553.57395496814
483.214069390157 4553.57390839555
483.214070597594 4553.5743256972
483.213688632205 4553.57400990173
483.214061030301 4553.57444542795
483.21350835754 4553.57363200042
483.213928389482 4553.57411680596
483.213287261362 4553.57397368049
483.21361930186 4553.57378436661
483.213750814559 4553.57361994786
483.213370377154 4553.57435783223
483.214023236216 4553.57423137585
483.213139712249 4553.57398253361
483.213198723302 4553.57423776309
546.022237601624 4575.90386056545
546.022635494782 4575.90364269186
589.052975005247 4592.95976228517
589.053618361043 4592.95886519107
589.053341436027 4592.95933993501
589.053657725403 4592.95932373357
589.053384432221 4592.959178311
589.052917811827 4592.95965993184
542.847458437963 4640.65671598609
542.847651609511 4640.65685496342
542.847832952824 4640.65711132098
542.847626659817 4640.65693617459
542.847509917857 4640.65654927584
542.847985073529 4640.65707757891
542.848146060116 4640.65702452017
542.847451485175 4640.65693038026
542.847617992193 4640.65676303549
-999 -999
-999 -999
-999 -999
-999 -999
-999 -999
-999 -999
-999 -999
-999 -999
-999 -999
-999 -999
-999 -999
-999 -999
-999 -999
-999 -999
-999 -999
-999 -999
-999 -999
-999 -999
-999 -999
-999 -999
-999 -999
-999 -999
-999 -999
-999 -999
-999 -999
-999 -999
-999 -999
-999 -999
-999 -999
-999 -999
-999 -999
-999 -999
-999 -999
-999 -999
-999 -999
-999 -999
-999 -999
-999 -999
-999 -999
-999 -999
-999 -999
-999 -999
-999 -999
-999 -999
-999 -999
-999 -999
-999 -999
