0.0220686397368506 0.028547583673514 0.0372938257327826 0.0290905695436402 -999 -999 -999 -999 -999 -999
0.02269513213002 0.0246735153140592 0.0178681211610311 0.0939318482471501 -999 -999 -999 -999 -999 -999
0.0543859212014705 0.0483172042161926 0.0291091044990801 0.0283598609557117 -999 -999 -999 -999 -999 -999
0.0196381503363713 0.0357119994695043 0.0812898959226913 0.0897018977787131 -999 -999 -999 -999 -999 -999
0.040028500782992 0.0648642516000169 0.178810469336279 0.223962523844105 -999 -999 -999 -999 -999 -999
0.215201037513434 0.155648926638664 0.0568789794500877 0.0310653614571088 -999 -999 -999 -999 -999 -999
0.0847564673778836 0.0710112681379119 0.0275200161327726 0.0322168879040994 -999 -999 -999 -999 -999 -999
0.0321310338254039 0.0297906681825879 0.0220076637104013 0.0287659713823232 -999 -999 -999 -999 -999 -999
0.0313216323645723 0.0320001327846729 0.0198308939148093 0.0293346110006748 -999 -999 -999 -999 -999 -999
0.0607692777194099 0.0562234508196033 0.0614394246272166 0.0289995181931089 -999 -999 -999 -999 -999 -999
0.021421839623611 0.0286779419937861 0.0325981631209879 0.0289327425121946 -999 -999 -999 -999 -999 -999
0.0213101682246595 0.0393795452811264 0.0957435844911832 0.0310715368709082 -999 -999 -999 -999 -999 -999
0.0227529733233237 0.0341428831131175 0.0653918043122474 0.0298999350605243 -999 -999 -999 -999 -999 -999
0.0327980037331497 0.0326107037288882 0.0213108784346712 0.0312147762154538 -999 -999 -999 -999 -999 -999
0.0351892068864121 0.0339385589358472 0.0170310401580479 0.0289369673384056 -999 -999 -999 -999 -999 -999
0.0218316615992392 0.0302716561116972 0.0504205813436817 0.0323152056179587 -999 -999 -999 -999 -999 -999
0.0206632727183192 0.0298340809268135 0.0469843842505183 0.0278564031672739 -999 -999 -999 -999 -999 -999
0.0354265790805336 0.0412144521209887 0.0517138769884391 0.0331682352527419 -999 -999 -999 -999 -999 -999
0.0765766712062757 0.0676816258451447 0.0185062461950312 0.0338634519600014 -999 -999 -999 -999 -999 -999
0.0507067374884791 0.0463773282396353 0.0183242208369827 0.030171786003893 -999 -999 -999 -999 -999 -999
0.078327093127589 0.0690822228662287 0.0499268253810577 0.0771399096940099 -999 -999 -999 -999 -999 -999
0.11293013069134 0.215270810887986 0.263787054097449 0.297826408054997 -999 -999 -999 -999 -999 -999
0.782229537464104 0.631383461973573 0.680185880522622 0.537394548864165 -999 -999 -999 -999 -999 -999
0.104840331844556 0.153345727138441 0.0560270653799279 0.164779043080837 -999 -999 -999 -999 -999 -999
-999 -999 -999 -999 -999 -999 -999 -999 -999 -999
-999 -999 -999 -999 -999 -999 -999 -999 -999 -999
-999 -999 -999 -999 -999 -999 -999 -999 -999 -999
-999 -999 -999 -999 -999 -999 -999 -999 -999 -999
-999 -999 -999 -999 -999 -999 -999 -999 -999 -999
-999 -999 -999 -999 -999 -999 -999 -999 -999 -999
-999 -999 -999 -999 -999 -999 -999 -999 -999 -999
-999 -999 -999 -999 -999 -999 -999 -999 -999 -999
-999 -999 -999 -999 -999 -999 -999 -999 -999 -999
-999 -999 -999 -999 -999 -999 -999 -999 -999 -999
-999 -999 -999 -999 -999 -999 -999 -999 -999 -999
-999 -999 -999 -999 -999 -999 -999 -999 -999 -999
-999 -999 -999 -999 -999 -999 -999 -999 -999 -999
-999 -999 -999 -999 -999 -999 -999 -999 -999 -999
-999 -999 -999 -999 -999 -999 -999 -999 -999 -999
-999 -999 -999 -999 -999 -999 -999 -999 -999 -999
-999 -999 -999 -999 -999 -999 -999 -999 -999 -999
-999 -999 -999 -999 -999 -999 -999 -999 -999 -999
0.0330611267663567 0.0559665587953494 0.0747664542056898 0.052890827404895 -999 -999 -999 -999 -999 -999
0.193498416605227 0.21982144148852 0.226186202353886 0.0544206240918163 -999 -999 -999 -999 -999 -999
0.46060427308921 0.38136082473917 0.311028767239756 0.630759904198571 -999 -999 -999 -999 -999 -999
0.171732437639181 0.154091451814864 0.122595820463304 0.0557408654214347 -999 -999 -999 -999 -999 -999
0.0320449259146581 0.0536500879885356 0.0470664230239239 0.0537369721892416 -999 -999 -999 -999 -999 -999
0.109058819985367 0.135109635173561 0.218356332713441 0.152450806694041 -999 -999 -999 -999 -999 -999
-999 -999 -999 -999 -999 -999 -999 -999 -999 -999
-999 -999 -999 -999 -999 -999 -999 -999 -999 -999
-999 -999 -999 -999 -999 -999 -999 -999 -999 -999
-999 -999 -999 -999 -999 -999 -999 -999 -999 -999
-999 -999 -999 -999 -999 -999 -999 -999 -999 -999
-999 -999 -999 -999 -999 -999 -999 -999 -999 -999
-999 -999 -999 -999 -999 -999 -999 -999 -999 -999
-999 -999 -999 -999 -999 -999 -999 -999 -999 -999
-999 -999 -999 -999 -999 -999 -999 -999 -999 -999
-999 -999 -999 -999 -999 -999 -999 -999 -999 -999
-999 -999 -999 -999 -999 -999 -999 -999 -999 -999
-999 -999 -999 -999 -999 -999 -999 -999 -999 -999
-999 -999 -999 -999 -999 -999 -999 -999 -999 -999
-999 -999 -999 -999 -999 -999 -999 -999 -999 -999
-999 -999 -999 -999 -999 -999 -999 -999 -999 -999
0.0445075757327297 0.0973115069477888 0.321687117536257 0.0853733331915928 -999 -999 -999 -999 -999 -999
0.112125299534194 0.102444151930486 0.0669204715040864 0.045862865025266 -999 -999 -999 -999 -999 -999
0.0763624030033738 0.0787049259376838 0.0580761737090325 0.0468848585958276 -999 -999 -999 -999 -999 -999
0.058339361004077 0.0653636164407661 0.0660270953852081 0.218708915865314 -999 -999 -999 -999 -999 -999
0.0287902497401532 0.0356270355525207 0.0446243860630309 0.0459415991154323 -999 -999 -999 -999 -999 -999
0.0279939381728435 0.0498522416397604 0.0991118274582381 0.0418246025346629 -999 -999 -999 -999 -999 -999
0.0754401515457518 0.0772618669543315 0.0208724120866507 0.0413481794901149 -999 -999 -999 -999 -999 -999
0.0468578684053911 0.0568724116035584 0.0392818269866185 0.261042523877761 -999 -999 -999 -999 -999 -999
0.391017305468669 0.310535805148203 0.212901527824228 0.12543243246267 -999 -999 -999 -999 -999 -999
0.0419475330826127 0.0441203781687322 0.0245971894887463 0.0434051964627012 -999 -999 -999 -999 -999 -999
0.0966183143102053 0.0819060596761692 0.0458999719579038 0.0441754933786576 -999 -999 -999 -999 -999 -999
-999 -999 -999 -999 -999 -999 -999 -999 -999 -999
-999 -999 -999 -999 -999 -999 -999 -999 -999 -999
-999 -999 -999 -999 -999 -999 -999 -999 -999 -999
-999 -999 -999 -999 -999 -999 -999 -999 -999 -999
-999 -999 -999 -999 -999 -999 -999 -999 -999 -999
-999 -999 -999 -999 -999 -999 -999 -999 -999 -999
-999 -999 -999 -999 -999 -999 -999 -999 -999 -999
-999 -999 -999 -999 -999 -999 -999 -999 -999 -999
-999 -999 -999 -999 -999 -999 -999 -999 -999 -999
-999 -999 -999 -999 -999 -999 -999 -999 -999 -999
0.0426111202004425 0.0443536822923171 0.0209788810541476 0.0381302113657258 -999 -999 -999 -999 -999 -999
0.0239071783421286 0.0349551346132514 0.037195831758816 0.0334173297376031 -999 -999 -999 -999 -999 -999
0.0244132828012641 0.0444736060311175 0.139153847426811 0.0349192327132234 -999 -999 -999 -999 -999 -999
0.0455269039292493 0.0497098394474858 0.044800106849324 0.0369215514649801 -999 -999 -999 -999 -999 -999
0.0400185444708164 0.0401344024027259 0.0206696443603947 0.037282915821562 -999 -999 -999 -999 -999 -999
0.0526055022061319 0.0556892850214926 0.0194160471207132 0.0332933609061392 -999 -999 -999 -999 -999 -999
0.251869638398681 0.196247639009845 0.140997735331796 0.038181959591347 -999 -999 -999 -999 -999 -999
0.0247316155700215 0.0577137755712323 0.191715465089564 0.0349242504242559 -999 -999 -999 -999 -999 -999
0.183184457770545 0.144238370501685 0.0384409521006807 0.0335863296639156 -999 -999 -999 -999 -999 -999
0.0246098622604372 0.0315098407849209 0.0197693798241777 0.0793011288845259 -999 -999 -999 -999 -999 -999
0.0372585953531616 0.0375854512368025 0.0235527081974859 0.0378982184889363 -999 -999 -999 -999 -999 -999
0.0223550231671596 0.0360994457851903 0.0750570382569614 0.0356276216341869 -999 -999 -999 -999 -999 -999
0.022679562594898 0.0405716210118602 0.0914476265670763 0.038669113588719 -999 -999 -999 -999 -999 -999
0.039534887812067 0.0489055230876286 0.0640995270322492 0.165114059602829 -999 -999 -999 -999 -999 -999
0.0231556234131522 0.0317364158534903 0.019767928570344 0.175082076216769 -999 -999 -999 -999 -999 -999
0.141538201709844 0.106075967348954 0.0529372804594588 0.147650639895281 -999 -999 -999 -999 -999 -999
-999 -999 -999 -999 -999 -999 -999 -999 -999 -999
-999 -999 -999 -999 -999 -999 -999 -999 -999 -999
-999 -999 -999 -999 -999 -999 -999 -999 -999 -999
-999 -999 -999 -999 -999 -999 -999 -999 -999 -999
-999 -999 -999 -999 -999 -999 -999 -999 -999 -999
0.0287052740710364 0.0479974414095409 0.114515607097872 0.0402579874939401 -999 -999 -999 -999 -999 -999
0.199108375905861 0.190938486114264 0.276932289852983 0.0844954142692461 -999 -999 -999 -999 -999 -999
0.0267126765882628 0.0482631402868923 0.0977779220853363 0.0411165754593821 -999 -999 -999 -999 -999 -999
0.0272892302410309 0.037303152725311 0.0405749404176605 0.0425863178320574 -999 -999 -999 -999 -999 -999
0.144639775253512 0.135469005041609 0.186990149928853 0.168854360324204 -999 -999 -999 -999 -999 -999
0.109706808558439 0.106842216336715 0.081480076378579 0.357429551331234 -999 -999 -999 -999 -999 -999
0.0522581010991445 0.0564482551867974 0.0208880918861512 0.0413474281833827 -999 -999 -999 -999 -999 -999
0.182049631744319 0.131113324422289 0.0539036057690354 0.0434682174489183 -999 -999 -999 -999 -999 -999
0.0686409967273384 0.0631490626638948 0.0267918113207584 0.0384164174922196 -999 -999 -999 -999 -999 -999
0.0429989006859784 0.0544539829136105 0.0372960291726865 0.0404018645862817 -999 -999 -999 -999 -999 -999
0.0577118909592492 0.0655394619545649 0.0232508294464614 0.037413699605384 -999 -999 -999 -999 -999 -999
0.0601783381658289 0.062482470944511 0.0395986466436228 0.0642121659737497 -999 -999 -999 -999 -999 -999
-999 -999 -999 -999 -999 -999 -999 -999 -999 -999
-999 -999 -999 -999 -999 -999 -999 -999 -999 -999
-999 -999 -999 -999 -999 -999 -999 -999 -999 -999
-999 -999 -999 -999 -999 -999 -999 -999 -999 -999
-999 -999 -999 -999 -999 -999 -999 -999 -999 -999
-999 -999 -999 -999 -999 -999 -999 -999 -999 -999
-999 -999 -999 -999 -999 -999 -999 -999 -999 -999
-999 -999 -999 -999 -999 -999 -999 -999 -999 -999
-999 -999 -999 -999 -999 -999 -999 -999 -999 -999
0.0413125154295387 0.0443800602290886 0.0220797156529225 0.0373014637707383 -999 -999 -999 -999 -999 -999
0.0570519349906656 0.0573156710579282 0.020947692660212 0.0425000301379611 -999 -999 -999 -999 -999 -999
0.0268382637655163 0.0332200926311734 0.0418912856040827 0.0391615880416572 -999 -999 -999 -999 -999 -999
0.116961905113239 0.107390243705492 0.0977241330665122 0.0382312951302824 -999 -999 -999 -999 -999 -999
0.0279517910082877 0.0362223943510129 0.0420581997629438 0.0382006655637388 -999 -999 -999 -999 -999 -999
0.198704925755495 0.163204868647398 0.117942511927061 0.0351725507635743 -999 -999 -999 -999 -999 -999
0.0434157382512892 0.0430194214581451 0.0205856911287076 0.113156067374604 -999 -999 -999 -999 -999 -999
0.025560835348084 0.0368781601406446 0.0540954223335306 0.0402185104630463 -999 -999 -999 -999 -999 -999
0.0423660563099643 0.0632737440483428 0.122359263442837 0.087915315079152 -999 -999 -999 -999 -999 -999
0.245896242910405 0.196893818471496 0.105916865450752 0.0413098274408743 -999 -999 -999 -999 -999 -999
0.0241067192970679 0.0491311541266697 0.130439474547981 0.142923788674132 -999 -999 -999 -999 -999 -999
0.0439559534344402 0.0403660225059528 0.0249617945097424 0.116491164694149 -999 -999 -999 -999 -999 -999
0.0509390972846926 0.0567827983287206 0.0404555039821897 0.0884644800979748 -999 -999 -999 -999 -999 -999
0.0549380211013147 0.0719215502979354 0.158542445930525 0.138953252768116 -999 -999 -999 -999 -999 -999
-999 -999 -999 -999 -999 -999 -999 -999 -999 -999
-999 -999 -999 -999 -999 -999 -999 -999 -999 -999
-999 -999 -999 -999 -999 -999 -999 -999 -999 -999
-999 -999 -999 -999 -999 -999 -999 -999 -999 -999
-999 -999 -999 -999 -999 -999 -999 -999 -999 -999
-999 -999 -999 -999 -999 -999 -999 -999 -999 -999
-999 -999 -999 -999 -999 -999 -999 -999 -999 -999
0.321329857265915 0.28170072259499 0.365528604690171 0.0404240723571943 -999 -999 -999 -999 -999 -999
0.139183762647416 0.144181527788394 0.172070052669168 0.321137193725739 -999 -999 -999 -999 -999 -999
0.0444403626555049 0.0517978230274378 0.0622180879712185 0.0818770245706779 -999 -999 -999 -999 -999 -999
0.0454867813914149 0.0473557475086342 0.0211461259360496 0.214430702663739 -999 -999 -999 -999 -999 -999
0.0468098977807509 0.0519476532167687 0.0212562205705654 0.0407061802704101 -999 -999 -999 -999 -999 -999
0.0454007777146627 0.0469563437968733 0.0388263968601752 0.0388896055604768 -999 -999 -999 -999 -999 -999
0.0934521362738908 0.0868066721726802 0.021681543933359 0.0400694721777174 -999 -999 -999 -999 -999 -999
0.0397248110774451 0.0418939821760174 0.0253292763387971 0.0425654305928658 -999 -999 -999 -999 -999 -999
0.027180329052847 0.0389178895143221 0.0406291113657358 0.0437378291478647 -999 -999 -999 -999 -999 -999
0.0456794456020353 0.0506672011733153 0.0222982471340051 0.0421869019940161 -999 -999 -999 -999 -999 -999
0.0618158316188256 0.0630637635110879 0.0231837283545145 0.0419219091591208 -999 -999 -999 -999 -999 -999
0.0894960069192911 0.0947106735194796 0.185832604176241 0.0520536777801783 -999 -999 -999 -999 -999 -999
-999 -999 -999 -999 -999 -999 -999 -999 -999 -999
-999 -999 -999 -999 -999 -999 -999 -999 -999 -999
-999 -999 -999 -999 -999 -999 -999 -999 -999 -999
-999 -999 -999 -999 -999 -999 -999 -999 -999 -999
-999 -999 -999 -999 -999 -999 -999 -999 -999 -999
-999 -999 -999 -999 -999 -999 -999 -999 -999 -999
-999 -999 -999 -999 -999 -999 -999 -999 -999 -999
-999 -999 -999 -999 -999 -999 -999 -999 -999 -999
-999 -999 -999 -999 -999 -999 -999 -999 -999 -999
0.0241588205513969 0.033503915846772 0.0359340369394288 0.03609778021731 -999 -999 -999 -999 -999 -999
0.0416495676018036 0.0441052785609364 0.018980205917715 0.0386716569046812 -999 -999 -999 -999 -999 -999
0.0545912685103782 0.0588562971379438 0.0221751367629616 0.0375191854043065 -999 -999 -999 -999 -999 -999
0.0260032420897898 0.0345662644858392 0.0385014142121637 0.0370339086603678 -999 -999 -999 -999 -999 -999
0.0245899327497714 0.046463303875005 0.115065053136043 0.040270425222264 -999 -999 -999 -999 -999 -999
0.0367910938333382 0.0552532215511849 0.112800375332543 0.0382342035548107 -999 -999 -999 -999 -999 -999
0.09028738139903 0.0778224385821546 0.0470652511254683 0.0382032956251025 -999 -999 -999 -999 -999 -999
0.0680029778937414 0.0666528913520391 0.0631244953558446 0.0714934712873724 -999 -999 -999 -999 -999 -999
0.259205834755604 0.197900520588376 0.157486860686151 0.106000609879018 -999 -999 -999 -999 -999 -999
0.09095701108791 0.114019490108084 0.222920859518873 0.185819900121795 -999 -999 -999 -999 -999 -999
0.0909756303873173 0.0852141069688766 0.0371378103934715 0.0716391292803908 -999 -999 -999 -999 -999 -999
0.0338987310760193 0.0373895184146289 0.0228767559539808 0.151219425344826 -999 -999 -999 -999 -999 -999
0.0243064881788288 0.0290090176526623 0.019811338456466 0.0728766839745361 -999 -999 -999 -999 -999 -999
0.0678780493638663 0.0614480137916567 0.0330005403184784 0.0379367473638646 -999 -999 -999 -999 -999 -999
0.0667039705212045 0.0577957210838411 0.053119865890411 0.0369835771593546 -999 -999 -999 -999 -999 -999
-999 -999 -999 -999 -999 -999 -999 -999 -999 -999
-999 -999 -999 -999 -999 -999 -999 -999 -999 -999
-999 -999 -999 -999 -999 -999 -999 -999 -999 -999
-999 -999 -999 -999 -999 -999 -999 -999 -999 -999
-999 -999 -999 -999 -999 -999 -999 -999 -999 -999
-999 -999 -999 -999 -999 -999 -999 -999 -999 -999
0.0441976078842374 0.0437109597112825 0.0216920322412113 0.0360867414211891 -999 -999 -999 -999 -999 -999
0.0408504606908512 0.0618376036942892 0.131243180665005 0.0358108638668477 -999 -999 -999 -999 -999 -999
0.134338687483614 0.118942835116608 0.112938250720597 0.110015740315644 -999 -999 -999 -999 -999 -999
0.0858500644439492 0.100899219355484 0.175272184908864 0.0400956852155476 -999 -999 -999 -999 -999 -999
0.14166387043005 0.117311275763455 0.0353525070541096 0.0339199420625275 -999 -999 -999 -999 -999 -999
0.0530345929884699 0.0541409038793367 0.0590334154653903 0.220400077368147 -999 -999 -999 -999 -999 -999
0.218268278918071 0.18065823973227 0.155763827564048 0.147906815762985 -999 -999 -999 -999 -999 -999
0.0508465970840861 0.050974962254531 0.0257608239260898 0.0750044911671997 -999 -999 -999 -999 -999 -999
0.0248862449883261 0.0441318780051836 0.0841426573614196 0.0376676522548063 -999 -999 -999 -999 -999 -999
0.0262644311100589 0.0294327761926021 0.0198354087844116 0.0773078607622662 -999 -999 -999 -999 -999 -999
0.0231042204889482 0.0345415967651581 0.0542675875752328 0.038491513280007 -999 -999 -999 -999 -999 -999
0.0614686255712787 0.051272417273249 0.0171397276464917 0.0376735679400632 -999 -999 -999 -999 -999 -999
0.0437166142942326 0.0457590010460169 0.0209440866673262 0.0358839966118651 -999 -999 -999 -999 -999 -999
0.0261067604573151 0.0314193922055511 0.039003908606717 0.0356845819679012 -999 -999 -999 -999 -999 -999
0.0254029431665116 0.034966939004983 0.0476104008130864 0.038050470003004 -999 -999 -999 -999 -999 -999
-999 -999 -999 -999 -999 -999 -999 -999 -999 -999
-999 -999 -999 -999 -999 -999 -999 -999 -999 -999
-999 -999 -999 -999 -999 -999 -999 -999 -999 -999
-999 -999 -999 -999 -999 -999 -999 -999 -999 -999
-999 -999 -999 -999 -999 -999 -999 -999 -999 -999
-999 -999 -999 -999 -999 -999 -999 -999 -999 -999
0.0495369976592196 0.0483981545055096 0.0177282673868105 0.0308133949993876 -999 -999 -999 -999 -999 -999
0.0341640195706124 0.0417318757642973 0.0323493553434282 0.0301675483237925 -999 -999 -999 -999 -999 -999
0.0205835434664597 0.0409647795341516 0.119548117066335 0.0286008285985686 -999 -999 -999 -999 -999 -999
0.0320328673447795 0.0296157292299082 0.0215060501383027 0.030934099472775 -999 -999 -999 -999 -999 -999
0.0212616672944786 0.031621636839155 0.0627211099754512 0.0292869588445546 -999 -999 -999 -999 -999 -999
0.0223329729520918 0.0297450099056378 0.0471663765699042 0.0602013539065545 -999 -999 -999 -999 -999 -999
0.0220533315343242 0.0243053698506762 0.0193194829109584 0.0922014095518275 -999 -999 -999 -999 -999 -999
0.0233378696308942 0.0270668355386812 0.0173432120415414 0.0631235737815851 -999 -999 -999 -999 -999 -999
0.110475233890676 0.0952759487301713 0.054265582757095 0.0327577362691388 -999 -999 -999 -999 -999 -999
0.143753087931041 0.119431815194184 0.0883876390233917 0.0590477156413187 -999 -999 -999 -999 -999 -999
0.0220547518392057 0.0338482126918733 0.079247812169883 0.0268778350275627 -999 -999 -999 -999 -999 -999
0.0591330833501074 0.0516768181995209 0.0206141173063616 0.0282589126279025 -999 -999 -999 -999 -999 -999
0.0366463729860396 0.0400736044037583 0.0514964820519051 0.0319317329408324 -999 -999 -999 -999 -999 -999
0.0232997921303119 0.0351445410622675 0.0676626275802453 0.028688818760465 -999 -999 -999 -999 -999 -999
0.0695931919442107 0.0572519495383744 0.0305451402041374 0.0296327274814796 -999 -999 -999 -999 -999 -999
0.170071909993094 0.12490993570934 0.0655564621752807 0.0612504217362254 -999 -999 -999 -999 -999 -999
0.020820937889629 0.0312284410209378 0.0511339758854637 0.151389047039256 -999 -999 -999 -999 -999 -999
0.0216832865670101 0.0323926231671464 0.0638151535530015 0.0755895195726175 -999 -999 -999 -999 -999 -999
0.0356877723386945 0.0341266526306821 0.0200847926039505 0.0301865621273127 -999 -999 -999 -999 -999 -999
0.0319143305594079 0.0339197307074963 0.0208268923918462 0.0315732742723002 -999 -999 -999 -999 -999 -999
0.029562979127713 0.0372703357762303 0.0486813508647073 0.0474865290245431 -999 -999 -999 -999 -999 -999
0.0326777906003773 0.0603371007842065 0.0659778672661301 0.0569707449859244 -999 -999 -999 -999 -999 -999
0.400232475585515 0.368111398558931 0.521011728325427 0.546919226672226 -999 -999 -999 -999 -999 -999
0.400902198856988 0.350624876764683 0.252277966525032 0.17150227372118 -999 -999 -999 -999 -999 -999
0.077104511976079 0.0822053938487233 0.0267817635722268 0.0552485365857755 -999 -999 -999 -999 -999 -999
0.0342455424780146 0.0510459430518179 0.0453668495026903 0.0530191427155185 -999 -999 -999 -999 -999 -999
0.0548374805030258 0.0876752869916381 0.088583824808493 0.116340075319376 -999 -999 -999 -999 -999 -999
-999 -999 -999 -999 -999 -999 -999 -999 -999 -999
-999 -999 -999 -999 -999 -999 -999 -999 -999 -999
-999 -999 -999 -999 -999 -999 -999 -999 -999 -999
-999 -999 -999 -999 -999 -999 -999 -999 -999 -999
-999 -999 -999 -999 -999 -999 -999 -999 -999 -999
-999 -999 -999 -999 -999 -999 -999 -999 -999 -999
-999 -999 -999 -999 -999 -999 -999 -999 -999 -999
-999 -999 -999 -999 -999 -999 -999 -999 -999 -999
-999 -999 -999 -999 -999 -999 -999 -999 -999 -999
-999 -999 -999 -999 -999 -999 -999 -999 -999 -999
-999 -999 -999 -999 -999 -999 -999 -999 -999 -999
-999 -999 -999 -999 -999 -999 -999 -999 -999 -999
-999 -999 -999 -999 -999 -999 -999 -999 -999 -999
-999 -999 -999 -999 -999 -999 -999 -999 -999 -999
-999 -999 -999 -999 -999 -999 -999 -999 -999 -999
-999 -999 -999 -999 -999 -999 -999 -999 -999 -999
-999 -999 -999 -999 -999 -999 -999 -999 -999 -999
-999 -999 -999 -999 -999 -999 -999 -999 -999 -999
-999 -999 -999 -999 -999 -999 -999 -999 -999 -999
-999 -999 -999 -999 -999 -999 -999 -999 -999 -999
-999 -999 -999 -999 -999 -999 -999 -999 -999 -999
-999 -999 -999 -999 -999 -999 -999 -999 -999 -999
-999 -999 -999 -999 -999 -999 -999 -999 -999 -999
-999 -999 -999 -999 -999 -999 -999 -999 -999 -999
-999 -999 -999 -999 -999 -999 -999 -999 -999 -999
-999 -999 -999 -999 -999 -999 -999 -999 -999 -999
-999 -999 -999 -999 -999 -999 -999 -999 -999 -999
-999 -999 -999 -999 -999 -999 -999 -999 -999 -999
-999 -999 -999 -999 -999 -999 -999 -999 -999 -999
-999 -999 -999 -999 -999 -999 -999 -999 -999 -999
-999 -999 -999 -999 -999 -999 -999 -999 -999 -999
-999 -999 -999 -999 -999 -999 -999 -999 -999 -999
-999 -999 -999 -999 -999 -999 -999 -999 -999 -999
-999 -999 -999 -999 -999 -999 -999 -999 -999 -999
-999 -999 -999 -999 -999 -999 -999 -999 -999 -999
-999 -999 -999 -999 -999 -999 -999 -999 -999 -999
-999 -999 -999 -999 -999 -999 -999 -999 -999 -999
-999 -999 -999 -999 -999 -999 -999 -999 -999 -999
-999 -999 -999 -999 -999 -999 -999 -999 -999 -999
-999 -999 -999 -999 -999 -999 -999 -999 -999 -999
-999 -999 -999 -999 -999 -999 -999 -999 -999 -999
-999 -999 -999 -999 -999 -999 -999 -999 -999 -999
-999 -999 -999 -999 -999 -999 -999 -999 -999 -999
-999 -999 -999 -999 -999 -999 -999 -999 -999 -999
-999 -999 -999 -999 -999 -999 -999 -999 -999 -999
-999 -999 -999 -999 -999 -999 -999 -999 -999 -999
-999 -999 -999 -999 -999 -999 -999 -999 -999 -999
-999 -999 -999 -999 -999 -999 -999 -999 -999 -999
-999 -999 -999 -999 -999 -999 -999 -999 -999 -999
-999 -999 -999 -999 -999 -999 -999 -999 -999 -999
-999 -999 -999 -999 -999 -999 -999 -999 -999 -999
-999 -999 -999 -999 -999 -999 -999 -999 -999 -999
-999 -999 -999 -999 -999 -999 -999 -999 -999 -999
-999 -999 -999 -999 -999 -999 -999 -999 -999 -999
-999 -999 -999 -999 -999 -999 -999 -999 -999 -999
-999 -999 -999 -999 -999 -999 -999 -999 -999 -999
-999 -999 -999 -999 -999 -999 -999 -999 -999 -999
