15
14
14
9
9
7
8
8
7
4
4
7
5
4
5
8
7
5
4
5
5
5
8
9
7
7
4
4
6
8
4
5
4
4
4
5
8
4
5
5
5
5
7
6
5
7
9
13
13
8
7
11
9
11
11
12
11
12
11
11
11
9
6
8
8
6
8
9
12
10
12
12
13
14
12
9
8
8
11
12
13
13
15
12
13
15
14
16
18
19
18
16
16
18
17
16
15
17
18
18
17
22
21
17
15
8
7
6
4
6
5
4
7
7
12
11
11
8
6
10
14
12
17
21
17
17
24
24
24
23
21
19
19
20
20
18
20
18
16
11
11
13
12
14
16
19
16
14
13
14
17
21
18
20
18
19
20
23
23
25
23
28
32
32
35
43
44
42
38
36
39
41
42
50
53
52
49
43
46
45
47
50
47
47
45
47
48
42
43
41
40
47
45
48
51
48
48
51
52
52
51
55
54
52
50
46
45
42
45
47
48
49
51
52
55
54
56
51
44
41
41
43
38
41
39
38
40
36
31
30
27
28
26
27
27
28
24
21
21
17
20
16
16
16
20
19
18
17
20
19
20
22
23
21
20
23
21
23
18
18
18
15
16
11
11
11
14
9
10
11
11
14
15
11
14
14
16
18
18
14
11
6
8
7
8
6
9
9
7
10
11
15
17
14
19
18
19
11
10
9
8
11
7
8
13
11
13
13
19
15
14
14
10
9
13
14
16
15
14
12
11
13
14
16
15
12
7
7
10
9
11
9
9
8
9
13
15
13
13
14
12
9
12
14
16
14
13
10
11
10
10
8
9
12
13
10
10
9
7
6
8
8
11
13
20
22
26
24
24
22
26
27
22
17
16
14
17
16
16
15
17
16
19
20
22
23
17
20
23
24
23
23
20
24
25
26
22
21
21
18
19
18
14
11
14
16
15
17
23
21
22
25
21
22
17
22
19
17
16
19
20
21
22
23
22
18
23
22
25
28
29
32
28
29
33
32
33
36
37
33
29
29
28
31
30
26
26
26
25
23
25
25
22
30
26
27
27
23
21
21
19
16
15
12
16
16
18
22
20
24
22
22
20
19
17
19
17
15
17
13
15
15
16
15
19
16
18
19
19
24
30
29
28
30
30
34
31
31
36
42
41
34
38
30
28
31
34
33
33
32
33
35
36
35
36
38
36
38
37
34
36
36
35
34
33
28
28
29
25
27
26
24
21
22
19
18
18
17
18
17
17
23
23
20
21
22
17
19
17
21
18
14
15
16
19
19
20
22
18
16
18
20
15
11
9
9
4
6
6
5
5
6
6
11
13
13
11
7
6
7
5
5
6
8
9
8
9
8
12
11
10
14
17
17
17
17
22
21
16
17
12
12
14
13
17
17
16
16
16
14
16
12
11
12
11
11
13
9
11
12
15
11
12
14
12
14
19
25
29
31
33
31
29
24
20
18
16
16
14
16
16
17
19
20
24
26
28
25
30
29
30
29
30
30
34
36
31
29
28
31
30
30
31
28
23
26
28
30
27
29
29
25
25
31
32
32
40
39
41
37
32
29
34
29
34
33
34
34
37
34
34
33
30
31
30
30
31
34
34
36
32
36
34
32
35
41
42
39
38
34
28
28
25
25
24
21
22
22
18
18
17
15
13
17
20
20
21
21
23
24
23
18
23
23
24
19
21
19
18
19
20
27
25
29
30
32
30
33
31
31
31
37
32
41
38
38
37
39
38
41
40
45
41
41
40
34
33
33
31
34
32
36
36
35
34
37
37
34
34
36
34
30
27
26
25
25
26
25
23
23
23
20
23
25
23
23
28
25
27
23
24
18
16
17
18
17
13
10
8
8
5
4
4
7
7
7
4
4
6
6
5
5
5
5
6
7
7
8
7
7
7
6
5
4
5
6
7
5
6
8
7
3
3
3
4
3
4
4
4
5
5
6
6
5
7
4
6
6
7
8
8
10
11
10
14
11
11
12
13
12
12
10
8
7
6
8
12
7
4
6
5
6
4
5
7
7
9
7
10
13
12
14
16
18
15
14
13
16
15
11
10
6
5
4
4
4
6
6
8
4
4
8
12
14
16
16
17
17
20
17
18
21
23
26
29
21
19
13
10
11
14
11
19
17
14
16
17
19
20
18
15
18
25
24
28
24
25
22
16
14
16
14
12
8
9
9
6
4
4
10
8
6
7
10
7
5
7
7
8
7
5
5
8
7
7
4
4
5
6
7
7
8
12
8
9
7
9
5
5
4
6
4
4
4
4
6
6
6
7
5
