527.988653356073 4549.91162263539 0.348039215686274 0.247549019607843 0.21078431372549 0.193627450980392 0 0 0 0 0 0
527.988653356073 4549.91162263539 0.348039215686274 0.247549019607843 0.21078431372549 0.193627450980392 0 0 0 0 0 0
527.988653356073 4549.91162263539 0.348039215686274 0.247549019607843 0.21078431372549 0.193627450980392 0 0 0 0 0 0
527.988653356073 4549.91162263539 0.348039215686274 0.247549019607843 0.21078431372549 0.193627450980392 0 0 0 0 0 0
527.988653356073 4549.91162263539 0.348039215686274 0.247549019607843 0.21078431372549 0.193627450980392 0 0 0 0 0 0
527.988653356073 4549.91162263539 0.348039215686274 0.247549019607843 0.21078431372549 0.193627450980392 0 0 0 0 0 0
527.988653356073 4549.91162263539 0.348039215686274 0.247549019607843 0.21078431372549 0.193627450980392 0 0 0 0 0 0
527.988653356073 4549.91162263539 0.348039215686274 0.247549019607843 0.21078431372549 0.193627450980392 0 0 0 0 0 0
527.988653356073 4549.91162263539 0.348039215686274 0.247549019607843 0.21078431372549 0.193627450980392 0 0 0 0 0 0
527.988653356073 4549.91162263539 0.348039215686274 0.247549019607843 0.21078431372549 0.193627450980392 0 0 0 0 0 0
527.988653356073 4549.91162263539 0.348039215686274 0.247549019607843 0.21078431372549 0.193627450980392 0 0 0 0 0 0
527.988653356073 4549.91162263539 0.348039215686274 0.247549019607843 0.21078431372549 0.193627450980392 0 0 0 0 0 0
527.988653356073 4549.91162263539 0.348039215686274 0.247549019607843 0.21078431372549 0.193627450980392 0 0 0 0 0 0
483.213622419128 4553.5740704624 0.16421568627451 0.169117647058824 0.487745098039216 0.178921568627451 0 0 0 0 0 0
483.213622419128 4553.5740704624 0.16421568627451 0.169117647058824 0.487745098039216 0.178921568627451 0 0 0 0 0 0
483.213622419128 4553.5740704624 0.16421568627451 0.169117647058824 0.487745098039216 0.178921568627451 0 0 0 0 0 0
483.213622419128 4553.5740704624 0.16421568627451 0.169117647058824 0.487745098039216 0.178921568627451 0 0 0 0 0 0
483.213622419128 4553.5740704624 0.16421568627451 0.169117647058824 0.487745098039216 0.178921568627451 0 0 0 0 0 0
483.213622419128 4553.5740704624 0.16421568627451 0.169117647058824 0.487745098039216 0.178921568627451 0 0 0 0 0 0
483.213622419128 4553.5740704624 0.16421568627451 0.169117647058824 0.487745098039216 0.178921568627451 0 0 0 0 0 0
483.213622419128 4553.5740704624 0.16421568627451 0.169117647058824 0.487745098039216 0.178921568627451 0 0 0 0 0 0
483.213622419128 4553.5740704624 0.16421568627451 0.169117647058824 0.487745098039216 0.178921568627451 0 0 0 0 0 0
483.213622419128 4553.5740704624 0.16421568627451 0.169117647058824 0.487745098039216 0.178921568627451 0 0 0 0 0 0
483.213622419128 4553.5740704624 0.16421568627451 0.169117647058824 0.487745098039216 0.178921568627451 0 0 0 0 0 0
483.213622419128 4553.5740704624 0.16421568627451 0.169117647058824 0.487745098039216 0.178921568627451 0 0 0 0 0 0
483.213622419128 4553.5740704624 0.16421568627451 0.169117647058824 0.487745098039216 0.178921568627451 0 0 0 0 0 0
483.213622419128 4553.5740704624 0.16421568627451 0.169117647058824 0.487745098039216 0.178921568627451 0 0 0 0 0 0
483.213622419128 4553.5740704624 0.16421568627451 0.169117647058824 0.487745098039216 0.178921568627451 0 0 0 0 0 0
483.213622419128 4553.5740704624 0.16421568627451 0.169117647058824 0.487745098039216 0.178921568627451 0 0 0 0 0 0
483.213622419128 4553.5740704624 0.16421568627451 0.169117647058824 0.487745098039216 0.178921568627451 0 0 0 0 0 0
546.022136622313 4575.90348420615 0.348039215686274 0.247549019607843 0.21078431372549 0.193627450980392 0 0 0 0 0 0
546.022136622313 4575.90348420615 0.348039215686274 0.247549019607843 0.21078431372549 0.193627450980392 0 0 0 0 0 0
589.053245479369 4592.95935070292 0.166666666666667 0.200980392156863 0.137254901960784 0.495098039215686 0 0 0 0 0 0
589.053245479369 4592.95935070292 0.166666666666667 0.200980392156863 0.137254901960784 0.495098039215686 0 0 0 0 0 0
589.053245479369 4592.95935070292 0.166666666666667 0.200980392156863 0.137254901960784 0.495098039215686 0 0 0 0 0 0
589.053245479369 4592.95935070292 0.166666666666667 0.200980392156863 0.137254901960784 0.495098039215686 0 0 0 0 0 0
589.053245479369 4592.95935070292 0.166666666666667 0.200980392156863 0.137254901960784 0.495098039215686 0 0 0 0 0 0
589.053245479369 4592.95935070292 0.166666666666667 0.200980392156863 0.137254901960784 0.495098039215686 0 0 0 0 0 0
542.847692443441 4640.65665926354 0.318627450980392 0.357843137254902 0.193627450980392 0.129901960784314 0 0 0 0 0 0
542.847692443441 4640.65665926354 0.318627450980392 0.357843137254902 0.193627450980392 0.129901960784314 0 0 0 0 0 0
542.847692443441 4640.65665926354 0.318627450980392 0.357843137254902 0.193627450980392 0.129901960784314 0 0 0 0 0 0
542.847692443441 4640.65665926354 0.318627450980392 0.357843137254902 0.193627450980392 0.129901960784314 0 0 0 0 0 0
542.847692443441 4640.65665926354 0.318627450980392 0.357843137254902 0.193627450980392 0.129901960784314 0 0 0 0 0 0
542.847692443441 4640.65665926354 0.318627450980392 0.357843137254902 0.193627450980392 0.129901960784314 0 0 0 0 0 0
542.847692443441 4640.65665926354 0.318627450980392 0.357843137254902 0.193627450980392 0.129901960784314 0 0 0 0 0 0
542.847692443441 4640.65665926354 0.318627450980392 0.357843137254902 0.193627450980392 0.129901960784314 0 0 0 0 0 0
542.847692443441 4640.65665926354 0.318627450980392 0.357843137254902 0.193627450980392 0.129901960784314 0 0 0 0 0 0
